************Arm Out Outline and fill:

<?xml version="1.0" encoding="utf-8"?>
<!DOCTYPE svg PUBLIC "-//W3C//DTD SVG 1.0//EN" "http://www.w3.org/TR/2001/REC-SVG-20010904/DTD/svg10.dtd">
<svg version="1.0" xmlns="http://www.w3.org/2000/svg" width="512px" height="512px" viewBox="0 0 512 512" preserveAspectRatio="xMidYMid meet">
 <g fill="#000001">
  <path d="M96 496 l0 -16 8 0 8 0 0 -8 0 -8 16 0 16 0 0 -8 0 -8 8 0 8 0 0 -8 0 -8 8 0 8 0 0 -8 0 -8 -24 0 -24 0 0 -8 0 -8 -8 0 -8 0 0 -40 0 -40 8 0 8 0 0 -8 0 -8 8 0 8 0 0 -8 0 -8 8 0 8 0 0 -8 0 -8 16 0 16 0 0 -8 0 -8 -8 0 -8 0 0 -40 0 -40 8 0 8 0 0 -8 0 -8 8 0 8 0 0 -8 0 -8 8 0 8 0 0 -8 0 -8 56 0 56 0 0 8 0 8 8 0 8 0 0 8 0 8 8 0 8 0 0 64 0 64 25.5 0 25.5 0 0 9.5 0 9.5 -48 0 -48 0 0 8 0 8 -43 0 -43 0 0 -8 0 -8 -8 0 -8 0 0 -8 0 -8 -29 0 -29 0 0 8 0 8 -8 0 -8 0 0 8 0 8 -8 0 -8 0 0 37 0 37 21 0 21 0 0 -32 0 -32 8 0 8 0 0 -8 0 -8 11 0 11 0 0 51 0 51 -8 0 -8 0 0 8 0 8 -8 0 -8 0 0 8 0 8 -8 0 -8 0 0 8 0 8 -8 0 -8 0 0 8 0 8 -16 0 -16 0 0 5 0 5 53 0 53 0 0 -16 0 -16 8 0 8 0 0 -8 0 -8 8 0 8 0 0 -8 0 -8 11 0 11 0 0 8 0 8 8 0 8 0 0 8 0 8 8 0 8 0 0 16 0 16 53 0 53 0 0 -5 0 -5 -16 0 -16 0 0 -8 0 -8 -8 0 -8 0 0 -8 0 -8 -8 0 -8 0 0 -8 0 -8 -8 0 -8 0 0 -8 0 -8 -8 0 -8 0 0 -27 0 -27 8 0 8 0 0 -16 0 -16 11 0 11 0 0 8 0 8 45 0 45 0 0 -21 0 -21 -8 0 -8 0 0 -9.5 0 -9.5 9.5 0 9.5 0 0 8 0 8 8 0 8 0 0 24 0 24 -8 0 -8 0 0 8 0 8 -56 0 -56 0 0 24 0 24 8 0 8 0 0 8 0 8 8 0 8 0 0 8 0 8 8 0 8 0 0 8 0 8 16 0 16 0 0 8 0 8 8 0 8 0 0 16 0 16 -72 0 -72 0 0 -24 0 -24 -8 0 -8 0 0 -8 0 -8 -8 0 -8 0 0 8 0 8 -8 0 -8 0 0 24 0 24 -72 0 -72 0 0 -16z m96 -88 l0 -8 -8 0 -8 0 0 8 0 8 8 0 8 0 0 -8z m125 -115 l0 -8 8 0 8 0 0 -8 0 -8 8 0 8 0 0 -53 0 -53 -8 0 -8 0 0 -8 0 -8 -53 0 -53 0 0 8 0 8 -8 0 -8 0 0 8 0 8 -8 0 -8 0 0 37 0 37 8 0 8 0 0 8 0 8 8 0 8 0 0 8 0 8 8 0 8 0 0 8 0 8 37 0 37 0 0 -8z"/>
 </g>
 <g fill="#b9f2ff "> ###FILL WITH SKIN TONES
  <path d="M112 488 l0 -8 16 0 16 0 0 -8 0 -8 8 0 8 0 0 -8 0 -8 8 0 8 0 0 -8 0 -8 8 0 8 0 0 -8 0 -8 8 0 8 0 0 -48 0 -48 -8 0 -8 0 0 8 0 8 -8 0 -8 0 0 32 0 32 -24 0 -24 0 0 -40 0 -40 8 0 8 0 0 -8 0 -8 8 0 8 0 0 -8 0 -8 32 0 32 0 0 -8 0 -8 -8 0 -8 0 0 -8 0 -8 -8 0 -8 0 0 -40 0 -40 8 0 8 0 0 -8 0 -8 8 0 8 0 0 -8 0 -8 56 0 56 0 0 8 0 8 8 0 8 0 0 56 0 56 -8 0 -8 0 0 8 0 8 -8 0 -8 0 0 8 0 8 48 0 48 0 0 -8 0 -8 8 0 8 0 0 8 0 8 8 0 8 0 0 24 0 24 -48 0 -48 0 0 -8 0 -8 -8 0 -8 0 0 16 0 16 -8 0 -8 0 0 24 0 24 8 0 8 0 0 8 0 8 8 0 8 0 0 8 0 8 8 0 8 0 0 8 0 8 8 0 8 0 0 8 0 8 16 0 16 0 0 8 0 8 -56 0 -56 0 0 -16 0 -16 -8 0 -8 0 0 -8 0 -8 -8 0 -8 0 0 -8 0 -8 -8 0 -8 0 0 8 0 8 -8 0 -8 0 0 8 0 8 -8 0 -8 0 0 16 0 16 -56 0 -56 0 0 -8z m208 -176 l0 -8 -40 0 -40 0 0 -8 0 -8 -8 0 -8 0 0 8 0 8 8 0 8 0 0 8 0 8 40 0 40 0 0 -8z"/>
 </g>
</svg>


Ignore current skin color fill (#b9f2ff) and use these


#9781ac (light purple)
#89ac81 (light green
#81a3ac (light blue)
#a4905f (light orange)
#ca6d6c (light red)
#b3b3b3 (light grey)

----------------------------------------------

******Arm OUT HOLDING

Lucielle:

<?xml version="1.0" encoding="utf-8"?>
<!DOCTYPE svg PUBLIC "-//W3C//DTD SVG 1.0//EN" "http://www.w3.org/TR/2001/REC-SVG-20010904/DTD/svg10.dtd">
<svg version="1.0" xmlns="http://www.w3.org/2000/svg" width="512px" height="512px" viewBox="0 0 512 512" preserveAspectRatio="xMidYMid meet">
 <g fill="#888888">
  <path d="M407.4 391.7 c-0.3 -0.8 -0.4 -4.7 -0.2 -8.8 l0.3 -7.4 3.8 -0.3 c3.5 -0.3 3.7 -0.5 3.7 -3.8 0 -2.7 0.4 -3.4 2 -3.4 1.8 0 2 0.7 2 5.5 l0 5.5 -4 0 -4 0 0 5 0 5 13 0 13 0 0 -5 0 -5 -4 0 -4 0 0 -5.5 c0 -4.8 0.2 -5.5 2 -5.5 1.6 0 2 0.7 2 3.4 0 3.3 0.2 3.5 3.8 3.8 l3.7 0.3 0 8.5 0 8.5 -16.3 0.3 c-13 0.2 -16.3 0 -16.8 -1.1z"/>
  <path d="M411 280.6 c0 -6.5 -0.2 -7.4 -2 -7.9 -2 -0.5 -2 -1.4 -2 -75 0 -70.2 0.1 -74.5 1.8 -76 6.9 -6.2 23.5 -6.2 30.4 0 1.7 1.5 1.8 5.8 1.8 76 0 73.6 0 74.5 -2 75 -1.8 0.5 -2 1.4 -2 7.9 0 6.7 -0.2 7.4 -2 7.4 -1.9 0 -2 -0.7 -2 -9.5 0 -8.8 0.1 -9.5 2 -9.5 1.9 0 2 -0.7 2 -23.5 l0 -23.5 -13 0 -13 0 0 23.5 c0 22.8 0.1 23.5 2 23.5 1.9 0 2 0.7 2 9.5 0 8.8 -0.1 9.5 -2 9.5 -1.8 0 -2 -0.7 -2 -7.4z m15.7 -76.2 l-4.7 -2.4 -4.8 2.4 -4.7 2.5 9.5 0 9.5 0 -4.8 -2.5z m0.1 -16.1 c-1.6 -0.2 -4 -0.2 -5.5 0 -1.6 0.2 -0.3 0.4 2.7 0.4 3 0 4.3 -0.2 2.8 -0.4z m10.2 -10.8 c0 -2.1 -18.3 -2.1 -22 0 -2.3 1.3 -1.4 1.4 9.8 1.5 10.2 0 12.2 -0.2 12.2 -1.5z m-9 -17.5 c1 -0.7 -1.4 -1 -7.7 -1 -5.6 0 -9.3 0.4 -9.3 1 0 1.3 15 1.3 17 0z m1.5 -38 c-1.1 -0.5 -3.6 -0.9 -5.5 -0.9 -1.9 0 -4.4 0.4 -5.5 0.9 -1.4 0.6 0.4 0.9 5.5 0.9 5.1 0 6.9 -0.3 5.5 -0.9z"/>
 </g>
 <g fill="#a67537">
  <path d="M408 384 l0 -8 4 0 4 0 0 -4 0 -4 8 0 8 0 0 4 0 4 4 0 4 0 0 8 0 8 -16 0 -16 0 0 -8z"/>
  <path d="M416 296 c0 -7.3 -0.2 -8 -2 -8 -1.8 0 -2 -0.7 -2 -8 0 -7.3 -0.2 -8 -2 -8 -1.9 0 -2 -0.7 -2 -26.5 0 -20.5 0.3 -26.5 1.3 -26.6 0.6 -0.1 5.7 -0.2 11.1 -0.3 5.9 -0.1 10.1 -0.5 10.3 -1.1 0.2 -0.7 -3.7 -1 -11.2 -1 -10.2 0.1 -11.5 -0.1 -11.5 -1.6 0 -1 0.6 -2 1.3 -2.3 0.9 -0.5 0.9 -0.7 0 -1.2 -0.7 -0.3 -1.3 -2 -1.3 -3.8 0 -3 0.5 -3.4 7 -6.6 l7 -3.4 9 4.4 c7.4 3.6 9 4.8 9 6.7 0 1.3 -0.5 2.2 -1.1 2 -0.6 -0.1 -1.4 0.4 -1.6 1.1 -0.3 0.8 0.1 1 1.1 0.6 1.2 -0.4 1.6 0 1.6 1.5 0 1.2 -0.6 2.2 -1.2 2.2 -0.7 0.1 -2 0.3 -2.8 0.4 -0.8 0.1 -2.1 0.3 -2.7 0.4 -0.7 0 -1.3 0.5 -1.3 1 0 0.5 1.8 0.8 4 0.6 l4 -0.4 0 27 c0 26.2 0 26.9 -2 26.9 -1.8 0 -2 0.7 -2 8 0 7.3 -0.2 8 -2 8 -1.8 0 -2 0.7 -2 8 l0 8 -8 0 -8 0 0 -8z m0.3 -84.5 c-1 -0.7 -2.1 -1.1 -2.5 -0.9 -1.6 1 -0.7 1.9 1.8 2 2.3 0.2 2.4 0.1 0.7 -1.1z m19 0.6 c0.4 -0.1 0.7 -0.5 0.7 -0.9 0 -0.4 -3.1 -0.8 -7 -0.8 -3.8 0 -7 0.4 -7 0.9 0 0.4 -0.4 0.5 -1 0.2 -0.5 -0.3 -1 -0.2 -1 0.2 0 0.7 10.9 1 15.3 0.4z"/>
  <path d="M431.2 200.1 c-7.3 -3.7 -7.3 -3.7 -4.7 -4.9 1.5 -0.7 3.1 -0.9 3.7 -0.6 0.6 0.4 0.9 0.1 0.6 -0.7 -0.6 -1.8 -6.5 -2 -7.9 -0.3 -0.6 0.8 -1.6 1.4 -2.1 1.4 -0.6 0 -0.4 -0.8 0.3 -1.7 1.2 -1.5 1.2 -1.6 -0.4 -1 -2.1 0.8 -12.7 -4.2 -12.7 -6 0 -1.6 -0.6 -1.5 17.3 -1.7 15.8 -0.2 18 0.6 10.7 3.9 -3.9 1.8 -5.6 5.3 -2.7 5.6 0.6 0.1 1.9 0.3 2.7 0.4 0.8 0.1 2.1 0.3 2.8 0.4 1.3 0.1 1.8 9.1 0.5 9.1 -0.5 -0.1 -4.1 -1.8 -8.1 -3.9z"/>
  <path d="M408 198.1 l0 -4 4 0.4 c2.2 0.2 5 0.7 6.2 1.1 1.9 0.6 1.6 1 -3.2 3.5 -3 1.5 -5.8 2.8 -6.2 2.9 -0.5 0 -0.8 -1.8 -0.8 -3.9z"/>
  <path d="M434 192.7 c0 -0.8 1.1 -1.9 2.5 -2.5 3.4 -1.6 3.5 -1.5 3.5 0.9 0 1.6 -0.4 1.9 -2 1.4 -1.1 -0.4 -2 -0.2 -2 0.4 0 0.6 -0.4 1.1 -1 1.1 -0.5 0 -1 -0.6 -1 -1.3z"/>
  <path d="M409 192 c-0.8 -0.5 -1.2 -1.2 -0.9 -1.5 0.8 -0.8 3.9 0.5 3.9 1.6 0 1.1 -1.1 1.1 -3 -0.1z"/>
  <path d="M408 179.4 c0 -2.7 0.6 -3.4 4.1 -4.9 2.3 -1.1 6.3 -1.9 9 -1.9 3.9 0 4.6 -0.3 3.7 -1.3 -0.6 -0.8 -2 -1.1 -3.2 -0.8 -2.1 0.6 -2.1 0.6 -0.1 -0.6 1.1 -0.7 2.3 -1.6 2.6 -2.2 0.7 -0.9 12.5 -1.7 14.7 -1 0.6 0.3 1.2 1.1 1.2 1.9 0 1.5 -0.4 1.6 -6.4 1.8 -2.2 0.1 -4.1 0.6 -4.3 1.2 -0.2 0.7 1.6 1 5.2 0.9 l5.5 -0.2 0 4.8 c0 2.7 -0.3 5 -0.7 5 -0.5 0.1 -7.7 0.2 -16 0.3 l-15.3 0.2 0 -3.2z"/>
  <path d="M408 168.6 c0 -2 0.4 -2.2 7 -2.2 3.9 0 7 0.3 7 0.7 0 1.1 -5.4 3 -9.8 3.4 -3.8 0.3 -4.2 0.1 -4.2 -1.9z"/>
  <path d="M409.2 164.2 c-1.9 -0.6 -1.5 -7.9 0.4 -8.6 0.9 -0.3 2 -0.3 2.6 0 0.6 0.4 0.8 0.1 0.6 -0.7 -0.3 -0.8 -1.5 -1.3 -2.7 -1.2 -1.8 0.2 -2.1 -0.2 -2.1 -3.2 0 -1.9 0.3 -3.6 0.8 -3.6 0.4 -0.1 6.4 -0.2 13.5 -0.3 11.2 -0.1 12.8 0.1 13.3 1.6 0.3 0.9 1.4 2 2.5 2.3 2.2 0.7 2.5 2.1 0.7 2.9 -1 0.5 -1 0.7 0 1.2 2.8 1.3 1.1 4.1 -4.5 6.9 -5 2.4 -7 2.9 -14.9 3 -5 0.1 -9.6 -0.1 -10.2 -0.3z m24.8 -9.4 c0 -1 0.1 -1 -10.7 -1.2 -6.5 -0.1 -8.9 0.1 -8.3 0.9 1 1.2 19 1.5 19 0.3z"/>
  <path d="M434 164 c0 -0.6 4.4 -3 5.5 -3 0.3 0 0.5 0.8 0.5 1.8 0 1.4 -0.8 1.9 -3 1.9 -1.6 0 -3 -0.3 -3 -0.7z"/>
  <path d="M437.7 148.4 c-0.8 -0.8 0.1 -2.4 1.4 -2.4 0.5 0 0.9 0.7 0.9 1.5 0 1.5 -1.2 2 -2.3 0.9z"/>
  <path d="M408 141.4 c0 -3.4 1.8 -4.8 4.8 -3.7 1.5 0.6 1.5 0.5 0.3 -1 -0.8 -1.1 -2.1 -1.5 -3.2 -1.2 -1.3 0.4 -1.9 0.1 -1.9 -0.8 0 -1.8 5.6 -1.7 8.6 0.2 1.7 1.1 1.7 1.2 0.1 0.7 -1.2 -0.4 -1.7 -0.2 -1.5 0.6 0.3 0.7 2.1 1.3 4.1 1.4 2 0.2 4.5 0.8 5.6 1.3 1.9 1.1 5.1 0.6 5.1 -0.8 0 -0.4 2.3 -0.7 5 -0.7 5 0 5 0 5 3.3 0 1.8 -0.4 3.4 -1 3.4 -3.9 0.5 -6.7 0.2 -6.4 -0.6 0.5 -1.2 -3.5 -3.9 -4.4 -3 -0.4 0.4 0.2 1.3 1.2 2.1 1.1 0.8 1.8 1.5 1.5 1.5 -0.2 0.1 -5.5 0.2 -11.6 0.3 l-11.3 0.2 0 -3.2z"/>
  <path d="M432 136.2 c0 -0.4 -2.4 -0.8 -5.2 -0.8 -3.3 -0.1 -6.9 -0.9 -9.5 -2.2 -2.3 -1.2 -4.8 -2 -5.5 -1.7 -1.7 0.6 -4.5 -1.1 -3.5 -2.2 0.5 -0.4 7.8 -0.8 16.3 -0.9 l15.4 -0.2 0 3.3 c0 3.4 -1.8 4.9 -4.5 3.9 -0.8 -0.4 -1.5 -0.1 -1.5 0.5 0 0.6 -0.4 1.1 -1 1.1 -0.5 0 -1 -0.3 -1 -0.8z"/>
  <path d="M408.2 124.5 c0.5 -3.3 8.1 -6.5 15.8 -6.5 7.8 0 15.3 3.1 15.8 6.6 0.3 2 0 2.1 -15.8 2 -15.5 -0.1 -16.1 -0.1 -15.8 -2.1z"/>
 </g>
 <g fill="#c12b2b">
  <path d="M410.7 212 c-0.9 -1.3 -1.4 -2.6 -1.2 -2.9 0.9 -0.8 3.8 2.6 3.3 4 -0.3 0.8 -1 0.5 -2.1 -1.1z"/>
  <path d="M415.6 211.2 c-0.2 -0.4 1.1 -0.9 3 -0.9 1.9 -0.1 3.4 0.2 3.4 0.6 0 1 -5.8 1.3 -6.4 0.3z"/>
  <path d="M430.5 193 c-0.3 -1.1 -1.2 -2 -1.9 -2 -0.8 0 -1.9 -0.7 -2.6 -1.5 -0.8 -0.9 -0.8 -1.5 -0.2 -1.5 0.6 0 1.2 -0.8 1.4 -1.9 0.2 -1.5 0.8 -1.7 2.6 -1 1.8 0.7 2.2 1.6 2.2 5.4 0 4.9 -0.5 5.7 -1.5 2.5z"/>
  <path d="M426.6 172.9 c-2.5 -2.9 -3.4 -5.9 -1.8 -5.9 1.6 0.1 6.4 9 4.9 9 -0.3 0 -1.7 -1.4 -3.1 -3.1z"/>
  <path d="M415.6 160.6 c-2.7 -3.6 -3.5 -7.1 -1.3 -6.4 0.6 0.3 1.4 1.3 1.6 2.4 0.2 1 1.2 3.1 2.3 4.7 2.8 3.9 0.5 3.3 -2.6 -0.7z"/>
  <path d="M438.8 158 c-0.3 -1 -1.6 -1.4 -3.9 -1.2 -2.7 0.2 -3.1 0 -1.9 -0.9 1.1 -0.8 1.2 -1.2 0.3 -1.6 -0.7 -0.2 -1.3 -1.3 -1.3 -2.3 0 -1.1 -0.8 -2.3 -1.7 -2.9 -2.4 -1.3 -1 -2.5 2 -1.7 1.5 0.3 3 1.8 3.7 3.7 0.7 1.7 2 3.7 2.7 4.5 0.8 0.8 1.3 2 1 2.7 -0.2 0.8 -0.5 0.8 -0.9 -0.3z"/>
  <path d="M421.2 141.5 c-1.4 -3.1 -1.5 -3.5 -0.4 -3.5 0.8 0 3.2 4.3 3.2 5.5 0 1.5 -1.9 0.1 -2.8 -2z"/>
  <path d="M412.6 135.4 c-0.9 -2.2 0.3 -3.2 1.4 -1.4 1.2 1.9 1.2 3 0.1 3 -0.5 0 -1.2 -0.7 -1.5 -1.6z"/>
  <path d="M430.3 132.8 l-2 -4.3 2.5 -0.2 c1.5 0 2 0.2 1.3 0.7 -1 0.6 -0.9 1.4 0.3 3.8 1.8 3.5 1.9 4.2 0.8 4.2 -0.4 0 -1.7 -1.9 -2.9 -4.2z"/>
  <path d="M437.2 130.9 c-0.7 -1.2 -1.1 -2.3 -0.9 -2.5 0.6 -0.6 3.7 2.5 3.7 3.7 0 1.6 -1.5 1 -2.8 -1.2z"/>
  <path d="M419.5 126.5 c-0.5 -0.2 -2.9 -0.9 -5.2 -1.5 -2.4 -0.6 -4.3 -1.5 -4.3 -1.9 0 -1.5 5.9 -3.1 9 -2.4 3 0.5 4.2 2.3 1.8 2.3 -0.8 0.1 -0.6 0.6 0.5 1.4 2.7 2.1 1.7 3.3 -1.8 2.1z"/>
 </g>
</svg>


------------

STAFF

<?xml version="1.0" encoding="utf-8"?>
<!DOCTYPE svg PUBLIC "-//W3C//DTD SVG 1.0//EN" "http://www.w3.org/TR/2001/REC-SVG-20010904/DTD/svg10.dtd">
<svg version="1.0" xmlns="http://www.w3.org/2000/svg" width="512px" height="512px" viewBox="0 0 512 512" preserveAspectRatio="xMidYMid meet">
 <g fill="#000000">
  <path d="M429 424 l0 -56 5.5 0 5.5 0 0 56 0 56 -5.5 0 -5.5 0 0 -56z"/>
  <path d="M416 465.5 c0 -1.1 -1.1 -1.5 -4 -1.5 l-4 0 0 -48 0 -48 5.5 0 5.5 0 0 49.5 c0 43.3 -0.2 49.5 -1.5 49.5 -0.8 0 -1.5 -0.7 -1.5 -1.5z"/>
  <path d="M408 252 l0 -36 -4 0 -4 0 0 -4 0 -4 -4 0 -4 0 0 -4 0 -4 -4 0 -4 0 0 -4 0 -4 -4 0 -4 0 0 -4 0 -4 -4 0 -4 0 0 -5.5 0 -5.5 9.5 0 9.5 0 0 8 0 8 8 0 8 0 0 8 0 8 8 0 8 0 0 41.5 0 41.5 -5.5 0 -5.5 0 0 -36z"/>
  <path d="M429 246.5 l0 -41.5 8 0 8 0 0 -8 0 -8 8 0 8 0 0 -8 0 -8 8 0 8 0 0 -21 0 -21 -8 0 -8 0 0 -8 0 -8 -8 0 -8 0 0 -8 0 -8 -21 0 -21 0 0 8 0 8 -8 0 -8 0 0 8 0 8 -8 0 -8 0 0 16 c0 13.6 -0.2 16 -1.5 16 -0.8 0 -1.5 -0.7 -1.5 -1.5 0 -1.1 -1.1 -1.5 -4 -1.5 l-4 0 0 -16 0 -16 4 0 4 0 0 -4 0 -4 4 0 4 0 0 -4 0 -4 4 0 4 0 0 -4 0 -4 4 0 4 0 0 -4 0 -4 4 0 4 0 0 -4 0 -4 24 0 24 0 0 4 0 4 4 0 4 0 0 4 0 4 4 0 4 0 0 4 0 4 4 0 4 0 0 4 0 4 4 0 4 0 0 4 0 4 4 0 4 0 0 24 0 24 -4 0 -4 0 0 4 0 4 -4 0 -4 0 0 4 0 4 -4 0 -4 0 0 4 0 4 -4 0 -4 0 0 4 0 4 -4 0 -4 0 0 4 0 4 -4 0 -4 0 0 36 0 36 -5.5 0 -5.5 0 0 -41.5z"/>
 </g>
 <g fill="#f98b02">
  <path d="M416 209.5 c0 -1.2 -1.6 -1.5 -8 -1.5 l-8 0 0 -8 0 -8 -8 0 -8 0 0 -8 0 -8 -8 0 -8 0 0 -24 0 -24 8 0 8 0 0 -8 0 -8 8 0 8 0 0 -8 0 -8 24 0 24 0 0 8 0 8 8 0 8 0 0 8 0 8 8 0 8 0 0 24 0 24 -8 0 -8 0 0 8 0 8 -8 0 -8 0 0 8 0 8 -8 0 c-6.4 0 -8 0.3 -8 1.5 0 1.2 -1.6 1.5 -8 1.5 -6.4 0 -8 -0.3 -8 -1.5z m6 -28.5 l0 -4 6 0 6 0 0 4 c0 2.2 0.5 4 1 4 0.6 0 1 -1.8 1 -4 0 -3.6 0.3 -4 2.5 -4 1.4 0 2.5 -0.4 2.5 -1 0 -0.6 -6 -1 -16 -1 l-16 0 0 -11 0 -11 16 0 c10 0 16 -0.4 16 -1 0 -0.6 -6 -1 -16 -1 l-16 0 0 -11 0 -11 16 0 c10 0 16 -0.4 16 -1 0 -0.5 -1.1 -1 -2.5 -1 -2.2 0 -2.5 -0.4 -2.5 -4 0 -2.2 -0.4 -4 -1 -4 -0.5 0 -1 1.8 -1 4 l0 4 -6 0 -6 0 0 -4 c0 -2.2 -0.4 -4 -1 -4 -0.5 0 -1 1.8 -1 4 l0 4 -6.5 0 -6.5 0 0 25 0 25 6.5 0 6.5 0 0 4 c0 2.2 0.5 4 1 4 0.6 0 1 -1.8 1 -4z m27 -17 c0 -2.7 -0.4 -5 -1 -5 -0.5 0 -1 2.3 -1 5 0 2.8 0.5 5 1 5 0.6 0 1 -2.2 1 -5z m0 -24 c0 -2.7 -0.4 -5 -1 -5 -0.5 0 -1 2.3 -1 5 0 2.8 0.5 5 1 5 0.6 0 1 -2.2 1 -5z"/>
 </g>
 <g fill="#b9f2ff">
  <path d="M416 424 l0 -56 8 0 8 0 0 56 0 56 -8 0 -8 0 0 -56z"/>
  <path d="M416 248 l0 -40 8 0 8 0 0 40 0 40 -8 0 -8 0 0 -40z"/>
  <path d="M417 184 l0 -4 -6.5 0 -6.5 0 0 -28 0 -28 6.5 0 6.5 0 0 -4 0 -4 4 0 4 0 0 4 c0 3.8 0.2 4 3 4 2.8 0 3 -0.2 3 -4 l0 -4 4 0 4 0 0 4 c0 3.6 0.3 4 2.5 4 2.3 0 2.5 0.4 2.5 4 l0 4 4 0 4 0 0 8 0 8 -4 0 -4 0 0 4 0 4 4 0 4 0 0 8 0 8 -4 0 -4 0 0 4 c0 3.6 -0.2 4 -2.5 4 -2.2 0 -2.5 0.4 -2.5 4 l0 4 -4 0 -4 0 0 -4 c0 -3.8 -0.2 -4 -3 -4 -2.8 0 -3 0.2 -3 4 l0 4 -4 0 -4 0 0 -4z m27 -20 l0 -8 -16 0 -16 0 0 8 0 8 16 0 16 0 0 -8z m0 -24 l0 -8 -16 0 -16 0 0 8 0 8 16 0 16 0 0 -8z"/>
 </g>
</svg>

----------------------------
Shit Coin:

<?xml version="1.0" encoding="utf-8"?>
<!DOCTYPE svg PUBLIC "-//W3C//DTD SVG 1.0//EN" "http://www.w3.org/TR/2001/REC-SVG-20010904/DTD/svg10.dtd">
<svg version="1.0" xmlns="http://www.w3.org/2000/svg" width="512px" height="512px" viewBox="0 0 512 512" preserveAspectRatio="xMidYMid meet">
 <g fill="#000000">
  <path d="M450.8 368.7 c-5.4 -1 -8.1 -2.2 -13.9 -6.2 -17.1 -12 -23.9 -23.8 -23.9 -41.4 0 -7.3 1.8 -19.1 3.1 -20.1 0.3 -0.3 1.7 -2.5 2.9 -5 3 -5.9 13.3 -16.1 19.5 -19.3 14.7 -7.4 32.8 -7.7 46.5 -0.7 5.1 2.7 15.3 12.2 18.9 17.8 5.3 8.3 7.4 15.5 7.5 26.2 0 6.8 -0.5 11.1 -1.8 15 -8.3 24.9 -31.9 38.4 -58.8 33.7z m18.4 -5.8 c8.9 -1.9 15.8 -5.8 22.9 -12.8 7.3 -7.3 11 -14.1 13 -23.8 2.4 -11.7 -2.4 -24.7 -13 -35.4 -10.7 -10.6 -24.1 -15.5 -35.8 -13 -9.5 2.1 -16.2 5.9 -23.3 13 -10.5 10.6 -15.2 23.1 -13.1 34.6 3.1 17.2 17 32.4 33.9 37 6 1.7 8.9 1.8 15.4 0.4z"/>
  <path d="M454 320 l0 -6 4.5 0 4.5 0 0 6 0 6 -4.5 0 -4.5 0 0 -6z"/>
  <path d="M466 320 l0 -6 4.5 0 4.5 0 0 6 0 6 -4.5 0 -4.5 0 0 -6z"/>
 </g>
 <g fill="#4b2c17">
  <path d="M441 339.5 c0 -0.8 -0.7 -1.5 -1.5 -1.5 -1.2 0 -1.5 -1.3 -1.5 -6 0 -4.7 0.3 -6 1.5 -6 0.8 0 1.5 -0.7 1.5 -1.5 0 -0.8 0.7 -1.5 1.5 -1.5 1 0 1.5 -1 1.5 -3 0 -2 0.5 -3 1.5 -3 1 0 1.5 -1 1.5 -3 0 -2.3 0.4 -3 2 -3 1.3 0 2 -0.7 2 -2 0 -1.1 0.7 -2 1.5 -2 1 0 1.5 -1 1.5 -3 0 -2 0.5 -3 1.5 -3 0.8 0 1.5 -0.7 1.5 -1.5 0 -0.8 0.7 -1.5 1.5 -1.5 0.8 0 1.5 -0.7 1.5 -1.5 0 -1.1 1.2 -1.5 4.5 -1.5 3.3 0 4.5 0.4 4.5 1.5 0 0.8 0.7 1.5 1.5 1.5 0.8 0 1.5 0.7 1.5 1.5 0 0.8 0.7 1.5 1.5 1.5 0.8 0 1.5 0.9 1.5 2 0 1.1 0.7 2 1.5 2 1 0 1.5 1 1.5 3 0 2 0.5 3 1.5 3 0.8 0 1.5 0.7 1.5 1.5 0 0.8 0.7 1.5 1.5 1.5 1.1 0 1.5 1.2 1.5 4.5 0 3.3 0.4 4.5 1.5 4.5 0.8 0 1.5 0.7 1.5 1.5 0 0.8 0.7 1.5 1.5 1.5 1.2 0 1.5 1.3 1.5 6 0 4.7 -0.3 6 -1.5 6 -0.8 0 -1.5 0.7 -1.5 1.5 0 1.3 -3.2 1.5 -23 1.5 -19.8 0 -23 -0.2 -23 -1.5z m25 -9 c0 -0.8 -0.7 -1.5 -1.5 -1.5 -0.8 0 -1.5 -0.9 -1.5 -2 0 -1.1 -0.7 -2 -1.5 -2 -1.1 0 -1.5 -1.1 -1.5 -4 0 -2.9 -0.4 -4 -1.5 -4 -1.1 0 -1.5 1.2 -1.5 4.5 0 3.3 0.4 4.5 1.5 4.5 1 0 1.5 1 1.5 3 0 2.7 0.3 3 3 3 2 0 3 -0.5 3 -1.5z m6 -10.5 c0 -2 -0.5 -3 -1.5 -3 -1 0 -1.5 1 -1.5 3 0 2 0.5 3 1.5 3 1 0 1.5 -1 1.5 -3z"/>
 </g>
 <g fill="#8c5425">
  <path d="M441 336.5 c0 -0.8 0.7 -1.5 1.5 -1.5 1 0 1.5 -1 1.5 -3 0 -2 -0.5 -3 -1.5 -3 -0.8 0 -1.5 -0.7 -1.5 -1.5 0 -0.8 0.7 -1.5 1.5 -1.5 0.8 0 1.5 0.7 1.5 1.5 0 1.1 1.2 1.5 5 1.5 3.8 0 5 0.4 5 1.5 0 0.8 0.7 1.5 1.5 1.5 0.8 0 1.5 -0.7 1.5 -1.5 0 -0.8 -0.7 -1.5 -1.5 -1.5 -0.8 0 -1.5 -0.7 -1.5 -1.5 0 -0.8 -0.9 -1.5 -2 -1.5 -1.6 0 -2 -0.7 -2 -3 0 -2 -0.5 -3 -1.5 -3 -0.8 0 -1.5 -0.7 -1.5 -1.5 0 -0.8 0.7 -1.5 1.5 -1.5 0.8 0 1.5 0.7 1.5 1.5 0 0.8 0.9 1.5 2 1.5 1.6 0 2 -0.7 2 -3 0 -2 -0.5 -3 -1.5 -3 -0.8 0 -1.5 -0.7 -1.5 -1.5 0 -0.8 0.7 -1.5 1.5 -1.5 0.8 0 1.5 0.7 1.5 1.5 0 0.8 0.7 1.5 1.5 1.5 0.8 0 1.5 -0.9 1.5 -2 0 -1.1 -0.7 -2 -1.5 -2 -0.8 0 -1.5 -0.7 -1.5 -1.5 0 -0.8 0.7 -1.5 1.5 -1.5 0.8 0 1.5 0.7 1.5 1.5 0 1 1 1.5 3 1.5 2.3 0 3 0.4 3 2 0 1.6 0.7 2 3 2 2.3 0 3 -0.4 3 -2 0 -1.6 -0.7 -2 -3 -2 -2 0 -3 -0.5 -3 -1.5 0 -0.8 -0.7 -1.5 -1.5 -1.5 -0.8 0 -1.5 -0.7 -1.5 -1.5 0 -0.8 -0.7 -1.5 -1.5 -1.5 -0.8 0 -1.5 -0.7 -1.5 -1.5 0 -0.8 0.7 -1.5 1.5 -1.5 0.8 0 1.5 -0.7 1.5 -1.5 0 -0.8 0.7 -1.5 1.5 -1.5 0.8 0 1.5 0.7 1.5 1.5 0 0.8 0.7 1.5 1.5 1.5 0.8 0 1.5 -0.7 1.5 -1.5 0 -0.8 0.7 -1.5 1.5 -1.5 0.8 0 1.5 0.7 1.5 1.5 0 0.8 0.7 1.5 1.5 1.5 0.8 0 1.5 0.7 1.5 1.5 0 0.8 -0.7 1.5 -1.5 1.5 -0.8 0 -1.5 -0.7 -1.5 -1.5 0 -0.8 -0.7 -1.5 -1.5 -1.5 -0.8 0 -1.5 0.7 -1.5 1.5 0 0.8 0.7 1.5 1.5 1.5 0.8 0 1.5 0.9 1.5 2 0 1.1 0.7 2 1.5 2 0.8 0 1.5 -0.7 1.5 -1.5 0 -0.8 0.7 -1.5 1.5 -1.5 0.8 0 1.5 0.7 1.5 1.5 0 0.8 -0.7 1.5 -1.5 1.5 -1.1 0 -1.5 1.2 -1.5 4.5 0 3.3 -0.4 4.5 -1.5 4.5 -1 0 -1.5 1 -1.5 3 0 2 -0.5 3 -1.5 3 -0.8 0 -1.5 0.7 -1.5 1.5 0 0.8 0.7 1.5 1.5 1.5 0.8 0 1.5 0.7 1.5 1.5 0 0.8 0.7 1.5 1.5 1.5 0.8 0 1.5 0.7 1.5 1.5 0 0.8 0.7 1.5 1.5 1.5 0.8 0 1.5 0.7 1.5 1.5 0 1.1 -1.2 1.5 -4.5 1.5 -3.3 0 -4.5 -0.4 -4.5 -1.5 0 -0.8 -0.7 -1.5 -1.5 -1.5 -0.8 0 -1.5 0.7 -1.5 1.5 0 1.2 -1.7 1.5 -9.5 1.5 -7.8 0 -9.5 0.3 -9.5 1.5 0 0.8 -0.7 1.5 -1.5 1.5 -0.8 0 -1.5 -0.7 -1.5 -1.5z m19 -16.5 c0 -2 -0.5 -3 -1.5 -3 -1 0 -1.5 1 -1.5 3 0 2 0.5 3 1.5 3 1 0 1.5 -1 1.5 -3z m6 0.5 c0 -0.8 -0.7 -1.5 -1.5 -1.5 -0.8 0 -1.5 0.7 -1.5 1.5 0 0.8 0.7 1.5 1.5 1.5 0.8 0 1.5 -0.7 1.5 -1.5z m-3 -18 c0 -0.8 -0.7 -1.5 -1.5 -1.5 -0.8 0 -1.5 0.7 -1.5 1.5 0 0.8 0.7 1.5 1.5 1.5 0.8 0 1.5 -0.7 1.5 -1.5z"/>
  <path d="M484 336.5 c0 -1 -1 -1.5 -3 -1.5 -2 0 -3 -0.5 -3 -1.5 0 -0.8 -0.7 -1.5 -1.5 -1.5 -0.8 0 -1.5 -0.7 -1.5 -1.5 0 -0.8 -0.7 -1.5 -1.5 -1.5 -0.8 0 -1.5 -0.7 -1.5 -1.5 0 -0.8 -0.7 -1.5 -1.5 -1.5 -0.8 0 -1.5 -0.7 -1.5 -1.5 0 -0.8 0.7 -1.5 1.5 -1.5 1 0 1.5 -1 1.5 -3 0 -2.7 0.3 -3 3 -3 2 0 3 -0.5 3 -1.5 0 -0.8 0.7 -1.5 1.5 -1.5 0.8 0 1.5 0.7 1.5 1.5 0 0.8 -0.7 1.5 -1.5 1.5 -1 0 -1.5 1 -1.5 3 0 2 -0.5 3 -1.5 3 -0.8 0 -1.5 0.7 -1.5 1.5 0 1 1 1.5 3 1.5 2 0 3 -0.5 3 -1.5 0 -0.8 0.7 -1.5 1.5 -1.5 0.8 0 1.5 0.7 1.5 1.5 0 0.8 0.7 1.5 1.5 1.5 0.8 0 1.5 0.7 1.5 1.5 0 0.8 -0.7 1.5 -1.5 1.5 -1 0 -1.5 1 -1.5 3 0 2 0.5 3 1.5 3 0.8 0 1.5 0.7 1.5 1.5 0 0.8 -0.7 1.5 -1.5 1.5 -0.8 0 -1.5 -0.7 -1.5 -1.5z m0 -9 c0 -0.8 -0.7 -1.5 -1.5 -1.5 -0.8 0 -1.5 0.7 -1.5 1.5 0 0.8 0.7 1.5 1.5 1.5 0.8 0 1.5 -0.7 1.5 -1.5z"/>
 </g>
 <g fill="#efa027">
  <path d="M450.8 365.5 c-12.5 -3.4 -23.7 -12.7 -29.6 -24.5 -9.3 -18.7 -6.1 -38.1 8.8 -53.1 14.6 -14.7 34.6 -18 53.7 -8.8 6.2 2.9 17.3 14 20.2 20.2 6.7 14 6.7 28.4 0 42.4 -3.1 6.6 -14.1 17.4 -20.9 20.5 -10.2 4.7 -22.5 6 -32.2 3.3z m24.7 -13.9 c7.6 -3.8 14.3 -10.5 18.1 -18.1 2.5 -5.1 2.9 -7.2 2.9 -14 0 -6.8 -0.4 -8.9 -2.9 -14 -3.8 -7.6 -10.5 -14.3 -18.1 -18.1 -5.1 -2.5 -7.2 -2.9 -14 -2.9 -6.8 0 -8.9 0.4 -14 2.9 -16.8 8.3 -25.5 27.2 -19.6 42.6 7.9 20.6 29.5 30.4 47.6 21.6z"/>
 </g>
 <g fill="#f4bd2d">
  <path d="M454.7 358 c-20.3 -3.5 -35 -24.1 -31.7 -44.3 4.2 -26.3 32.1 -40.7 55.9 -29 18.3 8.9 26.7 32 18.3 50.5 -7.4 16.4 -24.9 25.8 -42.5 22.8z m29.3 -21.5 c0 -0.8 0.7 -1.5 1.5 -1.5 1 0 1.5 -1 1.5 -3 0 -2 -0.5 -3 -1.5 -3 -0.8 0 -1.5 -0.7 -1.5 -1.5 0 -0.8 -0.7 -1.5 -1.5 -1.5 -1.1 0 -1.5 -1.2 -1.5 -4.5 0 -3.3 -0.4 -4.5 -1.5 -4.5 -0.8 0 -1.5 -0.7 -1.5 -1.5 0 -0.8 -0.7 -1.5 -1.5 -1.5 -1 0 -1.5 -1 -1.5 -3 0 -2 -0.5 -3 -1.5 -3 -0.8 0 -1.5 -0.9 -1.5 -2 0 -1.1 -0.7 -2 -1.5 -2 -0.8 0 -1.5 -0.7 -1.5 -1.5 0 -0.8 -0.7 -1.5 -1.5 -1.5 -0.8 0 -1.5 -0.7 -1.5 -1.5 0 -0.8 -0.7 -1.5 -1.5 -1.5 -0.8 0 -1.5 0.7 -1.5 1.5 0 0.8 -0.7 1.5 -1.5 1.5 -0.8 0 -1.5 0.7 -1.5 1.5 0 0.8 -0.7 1.5 -1.5 1.5 -1 0 -1.5 1 -1.5 3 0 2 -0.5 3 -1.5 3 -0.8 0 -1.5 0.9 -1.5 2 0 1.3 -0.7 2 -2 2 -1.6 0 -2 0.7 -2 3 0 2 -0.5 3 -1.5 3 -1 0 -1.5 1 -1.5 3 0 2 -0.5 3 -1.5 3 -0.8 0 -1.5 0.7 -1.5 1.5 0 0.8 -0.7 1.5 -1.5 1.5 -1 0 -1.5 1 -1.5 3 0 2 0.5 3 1.5 3 0.8 0 1.5 0.7 1.5 1.5 0 1.3 2.9 1.5 20 1.5 17.1 0 20 -0.2 20 -1.5z"/>
 </g>
 <g fill="#ffffff">
  <path d="M460 333.5 c0 -0.8 -0.7 -1.5 -1.5 -1.5 -0.8 0 -1.5 -0.7 -1.5 -1.5 0 -1.2 1.5 -1.5 7.5 -1.5 6 0 7.5 0.3 7.5 1.5 0 0.8 -0.7 1.5 -1.5 1.5 -0.8 0 -1.5 0.7 -1.5 1.5 0 1.1 -1.2 1.5 -4.5 1.5 -3.3 0 -4.5 -0.4 -4.5 -1.5z"/>
  <path d="M457 324.5 c0 -0.8 -0.7 -1.5 -1.5 -1.5 -1 0 -1.5 -1 -1.5 -3 0 -2 0.5 -3 1.5 -3 0.8 0 1.5 -0.7 1.5 -1.5 0 -0.8 0.7 -1.5 1.5 -1.5 0.8 0 1.5 0.7 1.5 1.5 0 0.8 0.7 1.5 1.5 1.5 1 0 1.5 1 1.5 3 0 2 -0.5 3 -1.5 3 -0.8 0 -1.5 0.7 -1.5 1.5 0 0.8 -0.7 1.5 -1.5 1.5 -0.8 0 -1.5 -0.7 -1.5 -1.5z m3 -4.5 c0 -2 -0.5 -3 -1.5 -3 -1 0 -1.5 1 -1.5 3 0 2 0.5 3 1.5 3 1 0 1.5 -1 1.5 -3z"/>
  <path d="M469 324.5 c0 -0.8 -0.7 -1.5 -1.5 -1.5 -1 0 -1.5 -1 -1.5 -3 0 -2 0.5 -3 1.5 -3 0.8 0 1.5 -0.7 1.5 -1.5 0 -0.8 0.7 -1.5 1.5 -1.5 0.8 0 1.5 0.7 1.5 1.5 0 0.8 0.7 1.5 1.5 1.5 1 0 1.5 1 1.5 3 0 2 -0.5 3 -1.5 3 -0.8 0 -1.5 0.7 -1.5 1.5 0 0.8 -0.7 1.5 -1.5 1.5 -0.8 0 -1.5 -0.7 -1.5 -1.5z m3 -4.5 c0 -2 -0.5 -3 -1.5 -3 -1 0 -1.5 1 -1.5 3 0 2 0.5 3 1.5 3 1 0 1.5 -1 1.5 -3z"/>
 </g>
</svg>


----------

Broom:

<?xml version="1.0" encoding="utf-8"?>
<!DOCTYPE svg PUBLIC "-//W3C//DTD SVG 1.0//EN" "http://www.w3.org/TR/2001/REC-SVG-20010904/DTD/svg10.dtd">
<svg version="1.0" xmlns="http://www.w3.org/2000/svg" width="512px" height="512px" viewBox="0 0 512 512" preserveAspectRatio="xMidYMid meet">
 <g fill="#000000">
  <path d="M432 498.5 l0 -5.5 10.5 0 10.5 0 0 -37 0 -37 -12 0 -12 0 0 -25.5 0 -25.5 5.5 0 5.5 0 0 20 0 20 8 0 8 0 0 4 0 4 4 0 4 0 0 40 0 40 -4 0 -4 0 0 4 0 4 -12 0 -12 0 0 -5.5z"/>
  <path d="M384 440 l0 -24 4 0 4 0 0 -4 0 -4 8 0 8 0 0 -20 0 -20 5.5 0 5.5 0 0 25.5 0 25.5 -12 0 -12 0 0 22.5 0 22.5 -5.5 0 -5.5 0 0 -24z"/>
  <path d="M408 264 l0 -24 3.5 0 c3.4 0 3.5 -0.1 3.5 -4 l0 -4 8 0 8 0 0 4 0 4 4.5 0 4.5 0 0 24 0 24 -5.5 0 -5.5 0 0 -22.5 0 -22.5 -5 0 -5 0 0 22.5 0 22.5 -5.5 0 -5.5 0 0 -24z"/>
 </g>
 <g fill="#ccb13b">
  <path d="M432 488 l0 -8 -8 0 -8 0 0 -8 0 -8 -12 0 -12 0 0 -24 0 -24 12 0 c10 0 12 -0.2 12 -1.5 0 -1.2 1.6 -1.5 8 -1.5 6.4 0 8 0.3 8 1.5 0 1.3 2 1.5 12 1.5 l12 0 0 40 0 40 -12 0 -12 0 0 -8z"/>
 </g>
 <g fill="#fdd204">
  <path d="M432.2 488.3 c-0.1 -4.6 -0.6 -8.3 -1.2 -8.3 -0.6 0 -1.1 -9.1 -1.3 -23.7 l-0.2 -23.8 -0.3 23.8 c-0.2 20.2 -0.4 23.7 -1.7 23.7 -1.2 0 -1.5 -3.6 -1.8 -23.7 l-0.2 -23.8 -0.3 23.8 c-0.2 20.2 -0.4 23.7 -1.7 23.7 -1.2 0 -1.5 -3.6 -1.8 -23.7 l-0.2 -23.8 -0.3 23.8 c-0.2 20.3 -0.4 23.7 -1.7 23.7 -1.3 0 -1.5 -3.4 -1.7 -23.7 l-0.2 -23.8 -0.6 24 c-0.3 13.2 -0.7 20.3 -0.8 15.8 -0.1 -4.6 -0.6 -8.3 -1.2 -8.3 -0.6 0 -1.1 -6.4 -1.3 -15.7 l-0.3 -15.8 -0.2 15.8 c-0.2 13.1 -0.4 15.7 -1.7 15.7 -1.2 0 -1.5 -2.7 -1.8 -15.7 l-0.3 -15.8 -0.2 15.8 c-0.2 13.1 -0.4 15.7 -1.7 15.7 -1.2 0 -1.5 -2.7 -1.8 -15.7 l-0.3 -15.8 -0.2 15.8 c-0.2 13.1 -0.4 15.7 -1.7 15.7 -1.2 0 -1.5 -2.7 -1.8 -15.7 l-0.3 -15.8 -0.2 15.8 c-0.2 13.1 -0.4 15.7 -1.7 15.7 -1.2 0 -1.5 -2.7 -1.8 -15.7 l-0.3 -15.8 -0.2 15.8 c-0.2 13.2 -0.4 15.7 -1.7 15.7 -1.3 0 -1.5 -2.5 -1.7 -15.7 l-0.2 -15.8 -0.6 16 c-0.5 15 -0.6 14.5 -0.7 -8.5 0 -13.5 0.3 -22.9 0.7 -21 l0.7 3.5 0.2 -3.2 c0.1 -2.1 0.6 -3.3 1.5 -3.3 0.9 0 1.6 1.3 1.9 3.3 l0.4 3.2 0.1 -3.2 c0.1 -2.1 0.7 -3.3 1.6 -3.3 0.9 0 1.6 1.3 1.9 3.3 l0.4 3.2 0.1 -3.2 c0.1 -2.1 0.7 -3.3 1.6 -3.3 0.9 0 1.6 1.3 1.9 3.3 l0.4 3.2 0.1 -3.2 c0.1 -2.1 0.7 -3.3 1.6 -3.3 0.9 0 1.6 1.3 1.9 3.3 l0.4 3.2 0.1 -3.2 c0.1 -2.1 0.7 -3.3 1.6 -3.3 0.9 0 1.6 1.3 1.9 3.3 l0.4 3.2 0.1 -3.2 c0.1 -1.8 0.7 -3.3 1.2 -3.3 0.6 0 1 -8.7 1 -24 l0 -24 8 0 8 0 0.1 23.3 c0 12.7 0.4 25 0.8 27.2 0.8 3.9 0.9 3.9 1 0.8 0.1 -2.2 0.6 -3.3 1.5 -3.3 0.9 0 1.6 1.3 1.9 3.3 l0.4 3.2 0.1 -3.2 c0.1 -2.1 0.7 -3.3 1.6 -3.3 0.9 0 1.6 1.3 1.9 3.3 l0.4 3.2 0.1 -3.2 c0.3 -4.4 2.9 -4.4 3.5 0 l0.4 3.2 0.1 -3.2 c0.1 -2.1 0.7 -3.3 1.6 -3.3 0.9 0 1.6 1.3 1.9 3.3 l0.4 3.2 0.1 -3.2 c0.1 -2.1 0.7 -3.3 1.6 -3.3 0.9 0 1.6 1.3 1.9 3.3 l0.4 3.2 0.1 -3.2 c0.1 -1.8 0.7 -3.3 1.2 -3.3 0.7 0 1 14 1 40 0 25.6 -0.4 40 -1 40 -0.6 0 -1.1 -11.7 -1.3 -31.7 l-0.2 -31.8 -0.3 31.8 c-0.2 27.3 -0.4 31.7 -1.7 31.7 -1.3 0 -1.5 -4.5 -1.8 -31.7 l-0.2 -31.8 -0.3 31.8 c-0.2 27.3 -0.4 31.7 -1.7 31.7 -1.3 0 -1.5 -4.5 -1.8 -31.7 l-0.2 -31.8 -0.3 31.8 c-0.2 27.3 -0.4 31.7 -1.7 31.7 -1.3 0 -1.5 -4.5 -1.8 -31.7 l-0.2 -31.8 -0.3 31.8 c-0.2 27.3 -0.4 31.7 -1.7 31.7 -1.3 0 -1.5 -4.5 -1.8 -31.7 l-0.2 -31.8 -0.3 31.8 c-0.2 27.4 -0.4 31.7 -1.7 31.7 -1.3 0 -1.5 -4.3 -1.7 -31.7 l-0.3 -31.8 -0.5 32 c-0.3 17.6 -0.6 28.3 -0.8 23.8z m-14.5 -71 c-0.3 -1 -0.5 -0.2 -0.5 1.7 0 1.9 0.2 2.7 0.5 1.8 0.2 -1 0.2 -2.6 0 -3.5z m4 0 c-0.3 -1 -0.5 -0.2 -0.5 1.7 0 1.9 0.2 2.7 0.5 1.8 0.2 -1 0.2 -2.6 0 -3.5z m4 0 c-0.3 -1 -0.5 -0.2 -0.5 1.7 0 1.9 0.2 2.7 0.5 1.8 0.2 -1 0.2 -2.6 0 -3.5z m4 0 c-0.3 -1 -0.5 -0.2 -0.5 1.7 0 1.9 0.2 2.7 0.5 1.8 0.2 -1 0.2 -2.6 0 -3.5z"/>
  <path d="M416 264 l0 -24 8 0 8 0 0 24 0 24 -8 0 -8 0 0 -24z"/>
 </g>
</svg>

--------------------------

ARM OUT SHIRTS:

<?xml version="1.0" encoding="utf-8"?>
<!DOCTYPE svg PUBLIC "-//W3C//DTD SVG 1.0//EN" "http://www.w3.org/TR/2001/REC-SVG-20010904/DTD/svg10.dtd">
<svg version="1.0" xmlns="http://www.w3.org/2000/svg" width="512px" height="512px" viewBox="0 0 512 512" preserveAspectRatio="xMidYMid meet">
 <g fill="#375eba">
  <path d="M208 368 l0 -48 -8 0 -8 0 0 8 0 8 -8 0 -8 0 0 16 0 16 -24 0 -24 0 0 -24 0 -24 8 0 8 0 0 -8 0 -8 8 0 8 0 0 -8 0 -8 32 0 32 0 0 8 0 8 8 0 8 0 0 8 0 8 40 0 40 0 0 -8 0 -8 48 0 48 0 0 24 0 24 -32 0 -32 0 0 -8 0 -8 -8 0 -8 0 0 16 0 16 -8 0 -8 0 0 24 0 24 -56 0 -56 0 0 -48z"/>
 </g>
</svg>


------------------------

ARM OUT | CAT:

<?xml version="1.0" encoding="utf-8"?>
<!DOCTYPE svg PUBLIC "-//W3C//DTD SVG 1.0//EN" "http://www.w3.org/TR/2001/REC-SVG-20010904/DTD/svg10.dtd">
<svg version="1.0" xmlns="http://www.w3.org/2000/svg" width="512px" height="512px" viewBox="0 0 512 512" preserveAspectRatio="xMidYMid meet">
 <g fill="#444444">
  <path d="M400 285 c0 -2.8 -0.3 -3 -3.5 -3 l-3.5 0 0 -10.5 0 -10.5 3.5 0 3.5 0 0 -10 0 -10 -6.5 0 -6.5 0 0 -3 c0 -2.8 -0.3 -3 -3.5 -3 l-3.5 0 0 -13.5 0 -13.5 3.5 0 3.5 0 0 -9.5 0 -9.5 3.5 0 c3.2 0 3.5 -0.2 3.5 -3 l0 -3 6.5 0 6.5 0 0 3 c0 2.8 0.2 3 4 3 3.8 0 4 0.2 4 3 l0 3 9.5 0 9.5 0 0 -3 c0 -2.8 0.3 -3 3.5 -3 3.2 0 3.5 -0.2 3.5 -3 l0 -3 6 0 6 0 0 3 c0 2.8 0.2 3 4 3 l4 0 0 9.5 0 9.5 3.5 0 3.5 0 0 13.5 0 13.5 -3.5 0 c-3.2 0 -3.5 0.2 -3.5 3 l0 3 -7 0 -7 0 0 10 0 10 4 0 4 0 0 10.5 0 10.5 -4 0 c-3.8 0 -4 0.2 -4 3 l0 3 -23.5 0 -23.5 0 0 -3z m11 -16 l0 -10 13 0 13 0 0 -10.5 0 -10.5 3.5 0 c3.2 0 3.5 -0.2 3.5 -3 0 -2.8 -0.3 -3 -3.5 -3 l-3.5 0 0 -9.5 0 -9.5 6.5 0 6.5 0 0 9.5 0 9.5 4 0 4 0 0 -10.5 0 -10.5 -4 0 -4 0 0 -9.5 0 -9.5 -3 0 c-2.7 0 -3 0.3 -3 3 0 2.8 -0.3 3 -3.5 3 -3.2 0 -3.5 0.2 -3.5 3 l0 3 -13 0 -13 0 0 -3 c0 -2.8 -0.3 -3 -3.5 -3 -3.2 0 -3.5 -0.2 -3.5 -3 0 -2.8 -0.3 -3 -3.5 -3 l-3.5 0 0 9.5 0 9.5 -3.5 0 -3.5 0 0 10.5 0 10.5 4 0 4 0 0 -9.5 0 -9.5 6.5 0 6.5 0 0 9.5 0 9.5 -4 0 c-3.8 0 -4 0.2 -4 3 0 2.8 0.3 3 3.5 3 l3.5 0 0 13 0 13 -3.5 0 -3.5 0 0 7.5 0 7.5 4 0 4 0 0 -10z m33 2.5 l0 -7.5 -3.5 0 -3.5 0 0 7.5 0 7.5 3.5 0 3.5 0 0 -7.5z"/>
  <path d="M418 231 l0 -6 6 0 6 0 0 6 0 6 -6 0 -6 0 0 -6z"/>
 </g>
 <g fill="#e8e855">
  <path d="M400 271.5 l0 -10.5 3.5 0 3.5 0 0 -10 0 -10 -3.5 0 c-3.2 0 -3.5 -0.2 -3.5 -3 l0 -3 -6.5 0 -6.5 0 0 -13.5 0 -13.5 3.5 0 3.5 0 0 -9.5 0 -9.5 6.5 0 6.5 0 0 3 c0 2.8 0.3 3 3.5 3 3.2 0 3.5 0.2 3.5 3 l0 3 10 0 10 0 0 -3 c0 -2.8 0.3 -3 3.5 -3 3.2 0 3.5 -0.2 3.5 -3 l0 -3 6 0 6 0 0 9.5 0 9.5 4 0 4 0 0 13.5 0 13.5 -7 0 -7 0 0 3 c0 2.8 -0.3 3 -3.5 3 l-3.5 0 0 10 0 10 3.5 0 3.5 0 0 10.5 0 10.5 -6.5 0 -6.5 0 0 -10 0 -10 -3.5 0 -3.5 0 0 10 0 10 -3 0 -3 0 0 -10 0 -10 -3.5 0 -3.5 0 0 10 0 10 -7 0 -7 0 0 -10.5z m27 -40.5 c0 -2.7 -0.3 -3 -3 -3 -2.7 0 -3 0.3 -3 3 0 2.7 0.3 3 3 3 2.7 0 3 -0.3 3 -3z m-19 -8.5 l0 -6.5 -3.5 0 -3.5 0 0 6.5 0 6.5 3.5 0 3.5 0 0 -6.5z m39 0 l0 -6.5 -3.5 0 -3.5 0 0 6.5 0 6.5 3.5 0 3.5 0 0 -6.5z"/>
 </g>
</svg>