BASE SHIRTS


BLUE COLLAR *****NO BUTTONS****:

<?xml version="1.0" encoding="utf-8"?>
<!DOCTYPE svg PUBLIC "-//W3C//DTD SVG 1.0//EN" "http://www.w3.org/TR/2001/REC-SVG-20010904/DTD/svg10.dtd">
<svg version="1.0" xmlns="http://www.w3.org/2000/svg" width="512px" height="512px" viewBox="0 0 512 512" preserveAspectRatio="xMidYMid meet">
 <g fill="#82c0f3">
  <path d="M208 368 l0 -48 -8 0 -8 0 0 8 0 8 -8 0 c-6 0 -8 0.3 -8 1.3 0 1.1 -1.7 1.3 -7.7 0.9 -4.3 -0.3 -7.9 -0.9 -8.1 -1.3 -0.2 -0.5 -1.2 -0.9 -2.2 -0.9 -1.7 0 -1.9 -0.9 -2.2 -6.7 l-0.3 -6.8 -6.7 -0.3 c-3.8 -0.2 -6.8 -0.7 -6.8 -1.2 0 -0.6 0.5 -1 1 -1 0.6 0 1 -3.3 1 -8 l0 -8 8 0 8 0 0 -8 0 -8 32 0 32 0 0 8 c0 5.7 0.4 8 1.3 8 0.9 0 1.2 3.4 1.2 13.7 l0 13.8 7.5 0.5 7.5 0.5 0.5 7.5 0.5 7.5 7.5 0.5 7.5 0.5 0.3 33.8 0.2 33.7 -25 0 -25 0 0 -48z"/>
  <path d="M268.2 382.3 l0.3 -33.8 7.5 -0.5 7.5 -0.5 0.5 -7.5 0.5 -7.5 7.5 -0.5 7.5 -0.5 0.3 -5.8 0.3 -5.7 9.9 0 10 0 0 -8 0 -8 8 0 8 0 0 -8 0 -8 16 0 16 0 0 8 0 8 8 0 8 0 0 8 c0 4.7 0.4 8 1 8 0.6 0 1 0.4 1 1 0 0.5 -3.5 1 -7.7 1.2 l-7.8 0.3 -0.3 6.4 c-0.2 3.5 -0.9 6.9 -1.5 7.6 -1.9 1.8 -16.7 2.6 -16.7 0.8 0 -1 -2 -1.3 -8 -1.3 l-8 0 0 -8 0 -8 -8 0 -8 0 0 48 0 48 -26 0 -26 0 0.2 -33.7z"/>
 </g>
 <g fill="#6fa9d9">
  <path d="M254.8 383.8 l-0.3 -32.3 -7.5 -0.5 -7.5 -0.5 -0.5 -7.5 -0.5 -7.5 -7.5 -0.5 -7.5 -0.5 -0.3 -15.2 -0.3 -15.3 8.6 0 8.5 0 0 8 c0 6.4 0.3 8 1.5 8 1.2 0 1.5 1.4 1.5 6.5 l0 6.5 8 0 8 0 0 8 0 8 5 0 5 0 0 -8 0 -8 8 0 8 0 0 -6.5 0 -6.5 9 0 9.1 0 -0.3 7.3 -0.3 7.2 -7.5 0.5 -7.5 0.5 -0.5 7.5 -0.5 7.5 -7.5 0.5 -7.5 0.5 -0.3 32.3 -0.2 32.2 -8 0 -8 0 -0.2 -32.2z"/>
  <path d="M160 344 l0 -8 -16 0 -16 0 0 -7.9 0 -7.8 14.6 -0.8 c8 -0.4 15 -0.3 15.5 0.2 0.4 0.4 0.9 4 1.1 7.8 l0.3 7 8.3 0.3 8.2 0.3 0 8.4 0 8.5 -8 0 -8 0 0 -8z"/>
  <path d="M352 343.5 l0 -8.4 7.3 -0.3 7.2 -0.3 0.3 -7 c0.2 -3.8 0.7 -7.4 1.2 -7.9 0.4 -0.4 7.8 -0.5 16.4 -0.1 l15.6 0.7 0 7.9 0 7.9 -16 0 -16 0 0 8 0 8 -8 0 -8 0 0 -8.5z"/>
 </g>
 <g fill="#ffffff">
  <path d="M256 344 l0 -8 -8 0 -8 0 0 -8 0 -8 24 0 24 0 0 8 0 8 -8 0 -8 0 0 8 0 8 -8 0 -8 0 0 -8z"/>
 </g>
</svg>


-------------



BLUE COLLAR ***** WITH BUTTONS *****

<?xml version="1.0" encoding="utf-8"?>
<!DOCTYPE svg PUBLIC "-//W3C//DTD SVG 1.0//EN" "http://www.w3.org/TR/2001/REC-SVG-20010904/DTD/svg10.dtd">
<svg version="1.0" xmlns="http://www.w3.org/2000/svg" width="512px" height="512px" viewBox="0 0 512 512" preserveAspectRatio="xMidYMid meet">
 <g fill="#82c0f3">
  <path d="M208 368 l0 -48 -8 0 -8 0 0 8 0 8 -8 0 c-6 0 -8 0.3 -8 1.3 0 1.1 -1.7 1.3 -7.7 0.9 -4.3 -0.3 -7.9 -0.9 -8.1 -1.3 -0.2 -0.5 -1.2 -0.9 -2.2 -0.9 -1.7 0 -1.9 -0.9 -2.2 -6.7 l-0.3 -6.8 -6.7 -0.3 c-3.8 -0.2 -6.8 -0.7 -6.8 -1.2 0 -0.6 0.5 -1 1 -1 0.6 0 1 -3.3 1 -8 l0 -8 8 0 8 0 0 -8 0 -8 32 0 32 0 0 8 c0 5.7 0.4 8 1.3 8 0.9 0 1.2 3.4 1.2 13.7 l0 13.8 7.5 0.5 7.5 0.5 0.5 7.5 0.5 7.5 7.5 0.5 7.5 0.5 0.3 33.8 0.2 33.7 -25 0 -25 0 0 -48z"/>
  <path d="M268.2 382.3 l0.3 -33.8 7.5 -0.5 7.5 -0.5 0.5 -7.5 0.5 -7.5 7.5 -0.5 7.5 -0.5 0.3 -5.8 0.3 -5.7 9.9 0 10 0 0 -8 0 -8 8 0 8 0 0 -8 0 -8 16 0 16 0 0 8 0 8 8 0 8 0 0 8 c0 4.7 0.4 8 1 8 0.6 0 1 0.4 1 1 0 0.5 -3.5 1 -7.7 1.2 l-7.8 0.3 -0.3 6.4 c-0.2 3.5 -0.9 6.9 -1.5 7.6 -1.9 1.8 -16.7 2.6 -16.7 0.8 0 -1 -2 -1.3 -8 -1.3 l-8 0 0 -8 0 -8 -8 0 -8 0 0 48 0 48 -26 0 -26 0 0.2 -33.7z"/>
 </g>
 <g fill="#6fa9d9">
  <path d="M254.8 383.8 l-0.3 -32.3 -7.5 -0.5 -7.5 -0.5 -0.5 -7.5 -0.5 -7.5 -7.5 -0.5 -7.5 -0.5 -0.3 -15.2 -0.3 -15.3 8.6 0 8.5 0 0 8 c0 6.4 0.3 8 1.5 8 1.2 0 1.5 1.4 1.5 6.5 l0 6.5 8 0 8 0 0 8 0 8 5 0 5 0 0 -8 0 -8 8 0 8 0 0 -6.5 0 -6.5 9 0 9.1 0 -0.3 7.3 -0.3 7.2 -7.5 0.5 -7.5 0.5 -0.5 7.5 -0.5 7.5 -7.5 0.5 -7.5 0.5 -0.3 32.3 -0.2 32.2 -8 0 -8 0 -0.2 -32.2z"/>
  <path d="M160 344 l0 -8 -16 0 -16 0 0 -7.9 0 -7.8 14.6 -0.8 c8 -0.4 15 -0.3 15.5 0.2 0.4 0.4 0.9 4 1.1 7.8 l0.3 7 8.3 0.3 8.2 0.3 0 8.4 0 8.5 -8 0 -8 0 0 -8z"/>
  <path d="M352 343.5 l0 -8.4 7.3 -0.3 7.2 -0.3 0.3 -7 c0.2 -3.8 0.7 -7.4 1.2 -7.9 0.4 -0.4 7.8 -0.5 16.4 -0.1 l15.6 0.7 0 7.9 0 7.9 -16 0 -16 0 0 8 0 8 -8 0 -8 0 0 -8.5z"/>
 </g>
 <g fill="#ffffff">
  <path d="M262 411 c0 -1.3 0.7 -2 2 -2 1.3 0 2 0.7 2 2 0 1.3 -0.7 2 -2 2 -1.3 0 -2 -0.7 -2 -2z"/>
  <path d="M262 399 c0 -1.3 0.7 -2 2 -2 1.3 0 2 0.7 2 2 0 1.3 -0.7 2 -2 2 -1.3 0 -2 -0.7 -2 -2z"/>
  <path d="M262 387 c0 -1.3 0.7 -2 2 -2 1.3 0 2 0.7 2 2 0 1.3 -0.7 2 -2 2 -1.3 0 -2 -0.7 -2 -2z"/>
  <path d="M262 375 c0 -1.3 0.7 -2 2 -2 1.3 0 2 0.7 2 2 0 1.3 -0.7 2 -2 2 -1.3 0 -2 -0.7 -2 -2z"/>
  <path d="M262 363 c0 -1.3 0.7 -2 2 -2 1.3 0 2 0.7 2 2 0 1.3 -0.7 2 -2 2 -1.3 0 -2 -0.7 -2 -2z"/>
  <path d="M256 344 l0 -8 -8 0 -8 0 0 -8 0 -8 24 0 24 0 0 8 0 8 -8 0 -8 0 0 8 0 8 -8 0 -8 0 0 -8z"/>
 </g>
</svg>




---------------

DRESS SHIRT


<?xml version="1.0" encoding="utf-8"?>
<!DOCTYPE svg PUBLIC "-//W3C//DTD SVG 1.0//EN" "http://www.w3.org/TR/2001/REC-SVG-20010904/DTD/svg10.dtd">
<svg version="1.0" xmlns="http://www.w3.org/2000/svg" width="512px" height="512px" viewBox="0 0 512 512" preserveAspectRatio="xMidYMid meet">
 <g fill="#dae5eb">
  <path d="M208 368 l0 -48 -8 0 -8 0 0 8 0 8 -8 0 -8 0 0 9 0 9 -24 0 -24 0 0 -17 0 -17 8 0 8 0 0 -8 0 -8 8 0 8 0 0 -8 0 -8 32 0 32 0 0 8 0 8 8 0 8 0 0 8 0 8 9.5 0 9.5 0 0 48 0 48 -25.5 0 -25.5 0 0 -48z"/>
  <path d="M267 406.5 c0 -5.7 0.4 -9.5 1 -9.5 0.6 0 1 -13.5 1 -38.5 l0 -38.5 25.5 0 25.5 0 0 -8 0 -8 8 0 8 0 0 -8 0 -8 16 0 16 0 0 8 0 8 8 0 8 0 0 8 0 8 8 0 8 0 0 17 0 17 -24 0 -24 0 0 -9 0 -9 -8 0 -8 0 0 -8 0 -8 -8 0 -8 0 0 9 0 9 -15 0 -15 0 0 5 0 5 15 0 15 0 0 34 0 34 -26.5 0 -26.5 0 0 -9.5z"/>
 </g>
 <g fill="#ccdadc">
  <path d="M256 406.5 l0 -9.5 8 0 c6.4 0 8 0.3 8 1.5 0 0.8 -0.4 1.5 -1 1.5 -0.6 0 -1 3.3 -1 8 l0 8 -7 0 -7 0 0 -9.5z"/>
  <path d="M128 359.5 l0 -8.5 24 0 24 0 0 8.5 0 8.5 -24 0 -24 0 0 -8.5z"/>
  <path d="M352 359.5 l0 -8.5 24 0 24 0 0 8.5 0 8.5 -24 0 -24 0 0 -8.5z"/>
  <path d="M287 343 l0 -8 16.5 0 16.5 0 0 8 0 8 -16.5 0 -16.5 0 0 -8z"/>
 </g>
 <g fill="#4a749e">
  <path d="M256 360 l0 -40 8 0 8 0 0 40 0 40 -8 0 -8 0 0 -40z"/>
 </g>
</svg>



-----------

Jacket:

<?xml version="1.0" encoding="utf-8"?>
<!DOCTYPE svg PUBLIC "-//W3C//DTD SVG 1.0//EN" "http://www.w3.org/TR/2001/REC-SVG-20010904/DTD/svg10.dtd">
<svg version="1.0" xmlns="http://www.w3.org/2000/svg" width="512px" height="512px" viewBox="0 0 512 512" preserveAspectRatio="xMidYMid meet">
 <g fill="#8f93db">
  <path d="M208 376 l0 -56 -8 0 -8 0 0 8 0 8 -8 0 -8 0 0 16 0 16 -24 0 -24 0 0 -24 0 -24 8 0 8 0 0 -8 0 -8 8 0 8 0 0 -8 0 -8 32 0 32 0 0 8 0 8 8 0 8 0 0 8 c0 6.4 0.3 8 1.5 8 1.3 0 1.5 6 1.5 48 0 42 -0.2 48 -1.5 48 -1.2 0 -1.5 1.6 -1.5 8 l0 8 -16 0 -16 0 0 -56z"/>
  <path d="M288 424 c0 -6.4 -0.3 -8 -1.5 -8 -1.3 0 -1.5 -6 -1.5 -48 l0 -48 17.5 0 17.5 0 0 -8 0 -8 8 0 8 0 0 -8 0 -8 16 0 16 0 0 8 0 8 8 0 8 0 0 8 0 8 8 0 8 0 0 24 0 24 -24 0 -24 0 0 -16 0 -16 -8 0 -8 0 0 -8 0 -8 -8 0 -8 0 0 56 0 56 -16 0 -16 0 0 -8z"/>
 </g>
 <g fill="#ffffff">
  <path d="M240 368 l0 -48 24 0 24 0 0 48 0 48 -24 0 -24 0 0 -48z"/>
 </g>
</svg>


-----------------


Jersey:

<?xml version="1.0" encoding="utf-8"?>
<!DOCTYPE svg PUBLIC "-//W3C//DTD SVG 1.0//EN" "http://www.w3.org/TR/2001/REC-SVG-20010904/DTD/svg10.dtd">
<svg version="1.0" xmlns="http://www.w3.org/2000/svg" width="512px" height="512px" viewBox="0 0 512 512" preserveAspectRatio="xMidYMid meet">
 <g fill="#ffffff">
  <path d="M208 352 l0 -64 8 0 8 0 0 8 0 8 8 0 8 0 0 8 0 8 40 0 40 0 0 -8 0 -8 8 0 8 0 0 8 0 8 -8 0 -8 0 0 48 0 48 -56 0 -56 0 0 -64z m50 38 l0 -6 -3 0 c-2.7 0 -3 0.3 -3 3 l0 3 -8.5 0 -8.5 0 0 -4.5 c0 -4.1 0.5 -5 4.5 -9 2.4 -2.5 4.9 -4.5 5.4 -4.5 0.6 0 3.7 -2.7 7 -5.9 5.9 -5.8 6.1 -6.2 6.1 -11.1 0 -4.5 -0.4 -5.5 -3.5 -8.5 -3.3 -3.4 -3.7 -3.5 -11 -3.5 -7.3 0 -7.7 0.1 -11 3.5 -4.4 4.3 -4.5 6.5 -0.5 6.5 2.7 0 3 -0.3 3 -3 l0 -3 8.5 0 8.5 0 0 8 c0 7.3 -0.3 8.3 -2.5 10.5 -1.3 1.4 -2.9 2.5 -3.5 2.5 -0.6 0 -3.8 2.7 -7 6 -3.2 3.3 -6.2 6 -6.5 6 -2.2 0 -3.5 3.4 -3.5 9.4 l0 6.6 14.5 0 14.5 0 0 -6z m41.5 2.5 c3.4 -3.4 3.5 -3.6 3.5 -12 0 -5 -0.4 -8.5 -1 -8.5 -0.5 0 -1 -2 -1 -4.5 0 -2.5 0.5 -4.5 1 -4.5 0.6 0 1 -2.8 1 -6.5 0 -6.2 -0.2 -6.8 -3.5 -10 -3.2 -3.3 -3.8 -3.5 -10 -3.5 -6.2 0 -6.8 0.2 -10 3.5 -4 4 -4.8 8.5 -1.5 8.5 1.6 0 2 -0.7 2 -3 l0 -3 9.5 0 9.5 0 0 8.5 0 8.5 -6 0 c-5.7 0 -6 0.1 -6 2.5 0 2.4 0.3 2.5 6 2.5 l6 0 0 9.5 0 9.5 -8.3 0 c-7.1 0 -8.5 -0.3 -9.7 -2 -1.7 -2.4 -5 -2.7 -5 -0.5 0 0.9 1.5 3.1 3.3 5 3 3.2 3.6 3.4 10 3.4 6.4 0.1 6.9 -0.1 10.2 -3.4z"/>
 </g>
 <g fill="#f54653">
  <path d="M226 389.4 c0 -6.9 0.4 -9.9 1.4 -11 0.8 -0.8 1.7 -1.4 2.1 -1.4 0.3 0 3.3 -2.7 6.5 -6 3.2 -3.3 6.4 -6 7 -6 0.6 0 2.2 -1.1 3.5 -2.5 2 -1.9 2.5 -3.4 2.5 -7.5 l0 -5 -5.5 0 c-5.4 0 -5.5 0 -5.5 3 l0 3 -6 0 -6 0 0 -4.5 c0 -3.9 0.5 -5.1 3.5 -8 l3.4 -3.5 10.6 0 10.6 0 3.4 3.5 c3.4 3.4 3.5 3.6 3.5 11.5 l0 8.1 -6.1 6 c-3.3 3.2 -6.4 5.9 -7 5.9 -1.6 0 -9.9 8.8 -9.9 10.5 0 1.2 1.2 1.5 5.5 1.5 5.4 0 5.5 0 5.5 -3 l0 -3 6 0 6 0 0 9 0 9 -17.5 0 -17.5 0 0 -9.6z"/>
  <path d="M276.3 395.5 c-2.7 -2.9 -3.3 -4.2 -3.3 -8 l0 -4.5 4.8 0 c3.6 0 5.1 0.5 6.2 2 1.1 1.6 2.6 2 6.7 2 l5.3 0 0 -6.5 0 -6.5 -6 0 -6 0 0 -5.5 0 -5.5 6 0 6 0 0 -5.5 0 -5.5 -6.5 0 -6.5 0 0 3 c0 2.9 -0.1 3 -5 3 l-5 0 0 -5.5 c0 -5 0.3 -5.9 3.5 -9 l3.4 -3.5 9.6 0 9.6 0 3.4 3.5 3.5 3.4 0 9.6 c0 5.7 -0.4 9.5 -1 9.5 -0.5 0 -1 0.7 -1 1.5 0 0.8 0.5 1.5 1 1.5 0.6 0 1 4.5 1 11.5 l0 11.6 -3.5 3.4 -3.4 3.5 -9.8 -0.1 -9.8 0 -3.2 -3.4z"/>
 </g>
</svg>

-------------------

Long Sleeve:

<?xml version="1.0" encoding="utf-8"?>
<!DOCTYPE svg PUBLIC "-//W3C//DTD SVG 1.0//EN" "http://www.w3.org/TR/2001/REC-SVG-20010904/DTD/svg10.dtd">
<svg version="1.0" xmlns="http://www.w3.org/2000/svg" width="512px" height="512px" viewBox="0 0 512 512" preserveAspectRatio="xMidYMid meet">
 <g fill="#b77005">
  <path d="M208 368 l0 -48 -8 0 -8 0 0 8 0 8 -8 0 -8 0 0 16 0 16 -24 0 -24 0 0 -24 0 -24 8 0 8 0 0 -8 0 -8 8 0 8 0 0 -8 0 -8 32 0 32 0 0 8 0 8 8 0 8 0 0 8 0 8 40 0 40 0 0 -8 0 -8 8 0 8 0 0 -8 0 -8 16 0 16 0 0 8 0 8 8 0 8 0 0 8 0 8 8 0 8 0 0 24 0 24 -24 0 -24 0 0 -16 0 -16 -8 0 -8 0 0 -8 0 -8 -8 0 -8 0 0 48 0 48 -56 0 -56 0 0 -48z"/>
 </g>
</svg>

-------------


Plaid:

<?xml version="1.0" encoding="utf-8"?>
<!DOCTYPE svg PUBLIC "-//W3C//DTD SVG 1.0//EN" "http://www.w3.org/TR/2001/REC-SVG-20010904/DTD/svg10.dtd">
<svg version="1.0" xmlns="http://www.w3.org/2000/svg" width="512px" height="512px" viewBox="0 0 512 512" preserveAspectRatio="xMidYMid meet">
 <g fill="#591712">
  <path d="M220 409 l0 -7 -6 0 -6 0 0 -11 0 -11 6 0 6 0 0 -5 0 -5 -6 0 -6 0 0 -11 0 -11 6 0 6 0 0 -5 0 -5 -6 0 -6 0 0 -9 0 -9 -8 0 -8 0 0 8 0 8 -8 0 -8 0 0 9 0 9 -7 0 -7 0 0 7 0 7 -11 0 -11 0 0 -7 0 -7 -6 0 -6 0 0 -11 0 -11 6 0 6 0 0 -6 c0 -5.3 0.2 -6 2 -6 1.3 0 2 -0.7 2 -2 0 -1.8 0.7 -2 6 -2 l6 0 0 -6 c0 -5.3 0.2 -6 2 -6 1.3 0 2 -0.7 2 -2 0 -1.8 0.7 -2 6 -2 l6 0 0 -6 0 -6 11 0 11 0 0 6 0 6 5 0 5 0 0 -6 0 -6 10 0 10 0 0 8 0 8 8 0 8 0 0 8 c0 4.7 0.4 8 1 8 0.6 0 1 0.5 1 1 0 0.6 -3.3 1 -8 1 l-8 0 0 5 0 5 8.5 0 8.5 0 0 11 0 11 -8.5 0 -8.5 0 0 5 0 5 8.5 0 8.5 0 0 11 0 11 -8.5 0 -8.5 0 0 5 0 5 8.5 0 8.5 0 0 10 0 10 -11.5 0 -11.5 0 0 -7z m-64 -66 l0 -5 -5 0 -5 0 0 5 0 5 5 0 5 0 0 -5z m15.8 -16.2 l0.3 -4.8 -5 0 -5.1 0 0 5.1 0 5 4.8 -0.3 4.7 -0.3 0.3 -4.7z m16 -16 l0.3 -4.8 -5 0 -5.1 0 0 5.1 0 5 4.8 -0.3 4.7 -0.3 0.3 -4.7z m32 0.5 l-0.3 -4.8 -4.7 -0.3 -4.8 -0.3 0 4.4 c0 2.4 0.3 4.7 0.7 5 0.3 0.4 2.6 0.7 5 0.7 l4.4 0 -0.3 -4.7z"/>
  <path d="M285 406 l0 -10 7.5 0 7.5 0 0 -5 0 -5 -7.5 0 -7.5 0 0 -11 0 -11 7.5 0 7.5 0 0 -5 0 -5 -7.5 0 -7.5 0 0 -11 0 -11 7.5 0 7.5 0 0 -6 0 -6 10 0 10 0 0 -8 0 -8 8 0 8 0 0 -8 0 -8 9 0 9 0 0 6 0 6 7 0 c6.3 0 7 0.2 7 2 0 1.1 0.6 2 1.4 2 1.1 0 1.3 1.3 0.9 6 l-0.6 6 7.2 0 c6.4 0 7.1 0.2 7.1 2 0 1.1 0.6 2 1.4 2 1.1 0 1.3 1.3 0.9 6 l-0.6 6 7.2 0 7.1 0 0 11 0 11 -7 0 -7 0 0 7 0 7 -11 0 -11 0 0 -7 0 -7 -6 0 -6 0 0 -9 0 -9 -8 0 -8 0 0 -8 0 -8 -8 0 -8 0 0 9 0 9 -7 0 -7 0 0 5 0 5 7 0 7 0 0 11 0 11 -7 0 -7 0 0 5 0 5 7 0 7 0 0 11 0 11 -7 0 -7 0 0 7 0 7 -10.5 0 -10.5 0 0 -10z m95 -63 l0 -5 -5 0 -5 0 0 5 0 5 5 0 5 0 0 -5z m-16 -16 l0 -5 -5 0 -5 0 0 4.3 c0 2.4 0.3 4.7 0.7 5 0.3 0.4 2.6 0.7 5 0.7 l4.3 0 0 -5z m-16 -16 l0 -5 -5 0 -5 0 0 4.3 c0 2.4 0.3 4.7 0.7 5 0.3 0.4 2.6 0.7 5 0.7 l4.3 0 0 -5z"/>
 </g>
 <g fill="#6c1e18">
  <path d="M208 407.5 l0 -8.5 7.5 0 7.5 0 0 -8 0 -8 -7.5 0 -7.5 0 0 -8 0 -8 7.5 0 7.5 0 0 -8 0 -8 -7.5 0 -7.5 0 0 -8 0 -8 7.5 0 7.5 0 0 -8 0 -7.9 -7.7 -0.3 -7.8 -0.3 -0.3 -7.7 -0.3 -7.8 -7.9 0 -7.9 0 -0.3 7.8 -0.3 7.7 -7.7 0.3 -7.7 0.3 -0.3 7.7 -0.3 7.7 -7.7 0.3 -7.8 0.3 0 7.9 0 8 8.5 0 8.5 0 0 8.5 0 8.5 -8.5 0 -8.5 0 0 -8.5 0 -8.5 -8 0 -8 0 0 8.5 0 8.5 -7.5 0 -7.5 0 0 -8.5 0 -8.5 7.5 0 7.5 0 0 -8 0 -8 -7.5 0 -7.5 0 0 -7.5 0 -7.5 7.5 0 7.5 0 0 7.5 0 7.5 8 0 8 0 0 -8 0 -8 -7.5 0 -7.5 0 0 -7.5 0 -7.5 7.5 0 7.5 0 0 7.5 0 7.5 8 0 8 0 0 -8 0 -8 -7.5 0 -7.5 0 0 -7.5 0 -7.5 7.5 0 7.5 0 0 7.5 0 7.5 8 0 8 0 0 -7.5 0 -7.5 8 0 8 0 0 7.5 0 7.4 7.8 0.3 7.7 0.3 0.3 7.8 0.3 7.7 7.7 0 c12.6 0 12.2 -0.3 12.2 10.1 0 7.2 -0.3 8.9 -1.5 8.9 -0.8 0 -1.5 -0.7 -1.5 -1.5 0 -1.2 -1.6 -1.5 -8.5 -1.5 l-8.5 0 0 8 0 8 8.5 0 c6.9 0 8.5 -0.3 8.5 -1.5 0 -0.8 0.7 -1.5 1.5 -1.5 1.2 0 1.5 1.9 1.5 11 0 9.1 -0.3 11 -1.5 11 -0.8 0 -1.5 -0.7 -1.5 -1.5 0 -1.2 -1.6 -1.5 -8.5 -1.5 l-8.5 0 0 8 0 8 8.5 0 c6.9 0 8.5 -0.3 8.5 -1.5 0 -0.8 0.7 -1.5 1.5 -1.5 1.2 0 1.5 1.9 1.5 11 0 9.1 -0.3 11 -1.5 11 -0.8 0 -1.5 -0.7 -1.5 -1.5 0 -1.2 -1.6 -1.5 -8.5 -1.5 l-8.5 0 0 8.5 0 8.5 -7.5 0 -7.5 0 0 -8.5z"/>
  <path d="M303 407.5 l0 -8.5 -7.5 0 c-6 0 -7.5 0.3 -7.5 1.5 0 0.8 -0.7 1.5 -1.5 1.5 -1.2 0 -1.5 -1.9 -1.5 -11 0 -9.1 0.3 -11 1.5 -11 0.8 0 1.5 0.7 1.5 1.5 0 1.2 1.5 1.5 7.5 1.5 l7.5 0 0 -8 0 -8 -7.5 0 c-6 0 -7.5 0.3 -7.5 1.5 0 0.8 -0.7 1.5 -1.5 1.5 -1.2 0 -1.5 -1.9 -1.5 -11 0 -9.1 0.3 -11 1.5 -11 0.8 0 1.5 0.7 1.5 1.5 0 1.2 1.5 1.5 7.5 1.5 l7.5 0 0 -8 0 -8 -7.5 0 c-6 0 -7.5 0.3 -7.5 1.5 0 0.8 -0.7 1.5 -1.5 1.5 -1.2 0 -1.5 -1.7 -1.5 -9 l0 -9 9 0 9 0 0 7.5 0 7.5 8.5 0 8.5 0 0 8 0 8 -8.5 0 -8.5 0 0 8 0 8 8.5 0 8.5 0 0 8 0 8 -8.5 0 -8.5 0 0 8 0 8 8.5 0 8.5 0 0 8.5 0 8.5 -8.5 0 -8.5 0 0 -8.5z"/>
  <path d="M352 359.5 l0 -8.5 7.5 0 7.5 0 0 -8 0 -7.9 -7.7 -0.3 -7.8 -0.3 -0.3 -7.7 -0.3 -7.7 -7.7 -0.3 -7.7 -0.3 0 -7.5 0 -7.5 7.8 -0.3 7.7 -0.3 0 -7.4 0 -7.5 8.5 0 8.5 0 0 7.5 0 7.5 -8.5 0 -8.5 0 0 8 0 8 8 0 8 0 0 -7.5 0 -7.5 8.5 0 8.5 0 0 7.5 0 7.5 -8.5 0 -8.5 0 0 8 0 8 8 0 8 0 0 -7.5 0 -7.5 8.5 0 8.5 0 0 7.5 0 7.5 -8.5 0 -8.5 0 0 8 0 8 8.5 0 8.5 0 0 8.5 0 8.5 -8.5 0 -8.5 0 0 -8.5 0 -8.5 -8 0 -8 0 0 8.5 0 8.5 -7.5 0 -7.5 0 0 -8.5z"/>
 </g>
 <g fill="#b7a765">
  <path d="M240 368 l0 -48 8 0 8 0 0 8 0 8 8 0 8 0 0 -8 0 -8 8 0 8 0 0 48 0 48 -24 0 -24 0 0 -48z"/>
 </g>
</svg>


----------------

Short Open


<?xml version="1.0" encoding="utf-8"?>
<!DOCTYPE svg PUBLIC "-//W3C//DTD SVG 1.0//EN" "http://www.w3.org/TR/2001/REC-SVG-20010904/DTD/svg10.dtd">
<svg version="1.0" xmlns="http://www.w3.org/2000/svg" width="512px" height="512px" viewBox="0 0 512 512" preserveAspectRatio="xMidYMid meet">
 <g fill="#8f93db">
  <path d="M208 368 l0 -48 -8 0 -8 0 0 8 0 8 -16 0 -16 0 0 -8 0 -8 -8 0 -8 0 0 -8 0 -8 8 0 8 0 0 -8 0 -8 32 0 32 0 0 8 0 8 8 0 8 0 0 8 c0 6.4 0.3 8 1.5 8 1.3 0 1.5 6 1.5 48 l0 48 -17.5 0 -17.5 0 0 -48z"/>
  <path d="M285 368 l0 -48 17.5 0 17.5 0 0 -8 0 -8 8 0 8 0 0 -8 0 -8 16 0 16 0 0 8 0 8 8 0 8 0 0 8 0 8 -8 0 -8 0 0 8 0 8 -16 0 -16 0 0 -8 0 -8 -8 0 -8 0 0 48 0 48 -17.5 0 -17.5 0 0 -48z"/>
 </g>
 <g fill="#ffffff">
  <path d="M240 368 l0 -48 24 0 24 0 0 48 0 48 -24 0 -24 0 0 -48z"/>
 </g>
</svg>

----------------


Short Sleeve:

<?xml version="1.0" encoding="utf-8"?>
<!DOCTYPE svg PUBLIC "-//W3C//DTD SVG 1.0//EN" "http://www.w3.org/TR/2001/REC-SVG-20010904/DTD/svg10.dtd">
<svg version="1.0" xmlns="http://www.w3.org/2000/svg" width="512px" height="512px" viewBox="0 0 512 512" preserveAspectRatio="xMidYMid meet">
 <g fill="#cb8d2a">
  <path d="M208 368 l0 -48 -8 0 -8 0 0 8 0 8 -8 0 -8 0 0 -8 0 -8 -16 0 -16 0 0 -8 0 -8 8 0 8 0 0 -8 0 -8 32 0 32 0 0 8 0 8 8 0 8 0 0 8 0 8 40 0 40 0 0 -8 0 -8 8 0 8 0 0 -8 0 -8 16 0 16 0 0 8 0 8 8 0 8 0 0 8 0 8 -16 0 -16 0 0 8 0 8 -8 0 -8 0 0 -8 0 -8 -8 0 -8 0 0 48 0 48 -56 0 -56 0 0 -48z"/>
 </g>
</svg>

------------------

Vacation:

<?xml version="1.0" encoding="utf-8"?>
<!DOCTYPE svg PUBLIC "-//W3C//DTD SVG 1.0//EN" "http://www.w3.org/TR/2001/REC-SVG-20010904/DTD/svg10.dtd">
<svg version="1.0" xmlns="http://www.w3.org/2000/svg" width="512px" height="512px" viewBox="0 0 512 512" preserveAspectRatio="xMidYMid meet">
 <g fill="#52ed53">
  <path d="M208 406.5 l0 -25.5 9.5 0 9.5 0 0 8 0 8 8 0 8 0 0 9.5 c0 7.8 -0.3 9.5 -1.5 9.5 -1.2 0 -1.5 1.6 -1.5 8 l0 8 -16 0 -16 0 0 -25.5z"/>
  <path d="M288 424 c0 -6.4 -0.3 -8 -1.5 -8 -1.3 0 -1.5 -4.4 -1.5 -34 l0 -34 11 0 11 0 0 8.5 0 8.5 6.5 0 6.5 0 0 19 0 19 -6.5 0 -6.5 0 0 14.5 0 14.5 -9.5 0 -9.5 0 0 -8z"/>
  <path d="M208 345.5 l0 -25.5 -8 0 -8 0 0 8 0 8 -9.5 0 -9.5 0 0 -6.5 0 -6.5 -6.5 0 c-5.1 0 -6.5 -0.3 -6.5 -1.5 0 -0.8 -0.7 -1.5 -1.5 -1.5 -1.2 0 -1.5 -1.6 -1.5 -8 0 -6.4 0.3 -8 1.5 -8 1.2 0 1.5 -1.6 1.5 -8 l0 -8 17.5 0 17.5 0 0 6.5 0 6.5 8 0 8 0 0 8 0 8 7.5 0 7.5 0 0 9.8 c0 5.3 0.3 17.5 0.7 27 l0.6 17.2 -9.6 0 -9.7 0 0 -25.5z"/>
  <path d="M336 328 l0 -8 -8 0 c-6.4 0 -8 0.3 -8 1.5 0 0.8 -0.7 1.5 -1.5 1.5 -0.8 0 -1.5 -0.7 -1.5 -1.5 0 -0.8 0.7 -1.5 1.5 -1.5 1.2 0 1.5 -1.6 1.5 -8 l0 -8 8 0 8 0 0 -8 0 -8 9.5 0 9.5 0 0 6.5 0 6.5 6.5 0 c5.1 0 6.5 0.3 6.5 1.5 0 0.8 0.7 1.5 1.5 1.5 1.2 0 1.5 1.6 1.5 8 0 6.4 -0.3 8 -1.5 8 -1.2 0 -1.5 1.6 -1.5 8 l0 8 -16 0 -16 0 0 -8z"/>
 </g>
 <g fill="#aaf2e7">
  <path d="M240 408 c0 -6.4 -0.3 -8 -1.5 -8 -1.3 0 -1.5 -5.3 -1.5 -41.5 0 -36.2 0.2 -41.5 1.5 -41.5 0.8 0 1.5 0.7 1.5 1.5 0 1.3 3.5 1.5 25.5 1.5 l25.5 0 0 15.5 c0 13.1 -0.2 15.5 -1.5 15.5 -1.3 0 -1.5 4.3 -1.5 32.5 l0 32.5 -24 0 -24 0 0 -8z"/>
 </g>
 <g fill="#ff9cbb">
  <path d="M304 416 l0 -16 8 0 8 0 0 16 0 16 -8 0 -8 0 0 -16z"/>
  <path d="M224 392 l0 -8 -8 0 -8 0 0 -8 0 -8 8.1 0 8.1 0 -0.4 -9.5 -0.3 -9.5 8.3 0 8.2 0 0 25.5 0 25.5 -8 0 -8 0 0 -8z"/>
  <path d="M304 359.5 c0 -6.9 -0.3 -8.5 -1.5 -8.5 -1.3 0 -1.5 -2.4 -1.5 -15.5 l0 -15.5 9.5 0 9.5 0 0 24 0 24 -8 0 -8 0 0 -8.5z"/>
  <path d="M160 328 l0 -8 -8 0 -8 0 0 -8 0 -8 8 0 8 0 0 8 0 8 8 0 8 0 0 8 0 8 -8 0 -8 0 0 -8z"/>
  <path d="M223 321.5 c0 -1.2 -1.5 -1.5 -7.5 -1.5 l-7.5 0 0 -8 0 -8 -8 0 -8 0 0 -8 0 -8 16 0 16 0 0 8 c0 6.4 0.3 8 1.5 8 1.2 0 1.5 1.7 1.5 9.5 0 8.8 -0.1 9.5 -2 9.5 -1.1 0 -2 -0.7 -2 -1.5z"/>
  <path d="M368 312 l0 -8 -8 0 -8 0 0 -8 0 -8 8 0 8 0 0 8 0 8 8 0 8 0 0 8 0 8 -8 0 -8 0 0 -8z"/>
 </g>
 <g fill="#43d642">
  <path d="M223.7 351.3 c-0.9 -0.8 -0.9 -19.4 0 -35.1 l0.6 -12.2 7.9 0 7.8 0 0 24 0 24 -7.8 0 c-4.3 0 -8.2 -0.3 -8.5 -0.7z"/>
  <path d="M288 335.5 l0 -15.5 8 0 8 0 0 15.5 0 15.5 -8 0 -8 0 0 -15.5z"/>
 </g>
</svg>



