BASE:

<?xml version="1.0" encoding="utf-8"?>
<!DOCTYPE svg PUBLIC "-//W3C//DTD SVG 1.0//EN" "http://www.w3.org/TR/2001/REC-SVG-20010904/DTD/svg10.dtd">
<svg version="1.0" xmlns="http://www.w3.org/2000/svg" width="512px" height="512px" viewBox="0 0 512 512" preserveAspectRatio="xMidYMid meet">
 <g fill="#000001">
  <path d="M96 496 l0 -16 8 0 8 0 0 -8 0 -8 16 0 16 0 0 -8 0 -8 8 0 8 0 0 -8 0 -8 8 0 8 0 0 -8 0 -8 -24 0 -24 0 0 -8 0 -8 -8 0 -8 0 0 -40 0 -40 8 0 8 0 0 -8 0 -8 8 0 8 0 0 -8 0 -8 8 0 8 0 0 -8 0 -8 16 0 16 0 0 -8 0 -8 -8 0 -8 0 0 -40 0 -40 8 0 8 0 0 -8 0 -8 8 0 8 0 0 -8 0 -8 8 0 8 0 0 -8 0 -8 56 0 56 0 0 8 0 8 8 0 8 0 0 8 0 8 8 0 8 0 0 64 0 64 8 0 8 0 0 8 0 8 8 0 8 0 0 8 0 8 8 0 8 0 0 40 0 40 -8 0 -8 0 0 8 0 8 -24 0 -24 0 0 8 0 8 8 0 8 0 0 8 0 8 8 0 8 0 0 8 0 8 16 0 16 0 0 8 0 8 8 0 8 0 0 16 0 16 -72 0 -72 0 0 -24 0 -24 -8 0 -8 0 0 -8 0 -8 -8 0 -8 0 0 8 0 8 -8 0 -8 0 0 24 0 24 -72 0 -72 0 0 -16z m125 -19 l0 -16 8 0 8 0 0 -8 0 -8 8 0 8 0 0 -8 0 -8 11 0 11 0 0 8 0 8 8 0 8 0 0 8 0 8 8 0 8 0 0 16 0 16 53 0 53 0 0 -5 0 -5 -16 0 -16 0 0 -8 0 -8 -8 0 -8 0 0 -8 0 -8 -8 0 -8 0 0 -8 0 -8 -8 0 -8 0 0 -8 0 -8 -8 0 -8 0 0 -48 0 -48 -40 0 -40 0 0 -8 0 -8 -8 0 -8 0 0 -8 0 -8 -29 0 -29 0 0 8 0 8 -8 0 -8 0 0 8 0 8 -8 0 -8 0 0 37 0 37 21 0 21 0 0 -32 0 -32 8 0 8 0 0 -8 0 -8 11 0 11 0 0 51 0 51 -8 0 -8 0 0 8 0 8 -8 0 -8 0 0 8 0 8 -8 0 -8 0 0 8 0 8 -8 0 -8 0 0 8 0 8 -16 0 -16 0 0 5 0 5 53 0 53 0 0 -16z m-29 -69 l0 -8 -8 0 -8 0 0 8 0 8 8 0 8 0 0 -8z m160 0 l0 -8 -8 0 -8 0 0 8 0 8 8 0 8 0 0 -8z m45 -48 l0 -37 -8 0 -8 0 0 -8 0 -8 -8 0 -8 0 0 -8 0 -8 -13 0 -13 0 0 8 0 8 -8 0 -8 0 0 5 0 5 8 0 8 0 0 8 0 8 8 0 8 0 0 32 0 32 21 0 21 0 0 -37z m-80 -67 l0 -8 8 0 8 0 0 -8 0 -8 8 0 8 0 0 -53 0 -53 -8 0 -8 0 0 -8 0 -8 -53 0 -53 0 0 8 0 8 -8 0 -8 0 0 8 0 8 -8 0 -8 0 0 37 0 37 8 0 8 0 0 8 0 8 8 0 8 0 0 8 0 8 8 0 8 0 0 8 0 8 37 0 37 0 0 -8z"/>
 </g>
 <g fill="#f1c27d">
  <path d="M112 488 l0 -8 16 0 16 0 0 -8 0 -8 8 0 8 0 0 -8 0 -8 8 0 8 0 0 -8 0 -8 8 0 8 0 0 -8 0 -8 8 0 8 0 0 -48 0 -48 -8 0 -8 0 0 8 0 8 -8 0 -8 0 0 32 0 32 -24 0 -24 0 0 -40 0 -40 8 0 8 0 0 -8 0 -8 8 0 8 0 0 -8 0 -8 32 0 32 0 0 -8 0 -8 -8 0 -8 0 0 -8 0 -8 -8 0 -8 0 0 -40 0 -40 8 0 8 0 0 -8 0 -8 8 0 8 0 0 -8 0 -8 56 0 56 0 0 8 0 8 8 0 8 0 0 56 0 56 -8 0 -8 0 0 8 0 8 16 0 16 0 0 8 0 8 8 0 8 0 0 8 0 8 8 0 8 0 0 40 0 40 -24 0 -24 0 0 -32 0 -32 -8 0 -8 0 0 -8 0 -8 -8 0 -8 0 0 48 0 48 8 0 8 0 0 8 0 8 8 0 8 0 0 8 0 8 8 0 8 0 0 8 0 8 8 0 8 0 0 8 0 8 16 0 16 0 0 8 0 8 -56 0 -56 0 0 -16 0 -16 -8 0 -8 0 0 -8 0 -8 -8 0 -8 0 0 -8 0 -8 -8 0 -8 0 0 8 0 8 -8 0 -8 0 0 8 0 8 -8 0 -8 0 0 16 0 16 -56 0 -56 0 0 -8z m208 -176 l0 -8 8 0 8 0 0 -8 0 -8 -8 0 -8 0 0 8 0 8 -40 0 -40 0 0 -8 0 -8 -8 0 -8 0 0 8 0 8 8 0 8 0 0 8 0 8 40 0 40 0 0 -8z"/>
 </g>
</svg>


Ignore current skin color fills (#f1c27d) and use these


#9781ac (light purple)
#89ac81 (light green
#81a3ac (light blue)
#a4905f (light orange)
#ca6d6c (light red)
#b3b3b3 (light grey)