Female Rare


earring 

<?xml version="1.0" encoding="utf-8"?>
<!DOCTYPE svg PUBLIC "-//W3C//DTD SVG 1.0//EN" "http://www.w3.org/TR/2001/REC-SVG-20010904/DTD/svg10.dtd">
<svg version="1.0" xmlns="http://www.w3.org/2000/svg" width="512px" height="512px" viewBox="0 0 512 512" preserveAspectRatio="xMidYMid meet">
 <g fill="#b9f2ff">
  <path d="M192 264 l0 -8 8 0 8 0 0 8 0 8 -8 0 -8 0 0 -8z"/>
 </g>
</svg>

----------


btc machine logo (only on t shirts)


<?xml version="1.0" encoding="utf-8"?>
<!DOCTYPE svg PUBLIC "-//W3C//DTD SVG 1.0//EN" "http://www.w3.org/TR/2001/REC-SVG-20010904/DTD/svg10.dtd">
<svg version="1.0" xmlns="http://www.w3.org/2000/svg" width="512px" height="512px" viewBox="0 0 512 512" preserveAspectRatio="xMidYMid meet">
 <g fill="#ff8528">
  <path d="M248 387.5 l0 -6.5 -13.5 0 -13.5 0 0 -14 0 -14 7 0 7 0 0 6.5 0 6.5 20.5 0 20.5 0 0 7.5 0 7.5 -6.5 0 -6.5 0 0 6.5 0 6.5 -7.5 0 -7.5 0 0 -6.5z"/>
 </g>
</svg>


---------------

Ponytail glow

<?xml version="1.0" encoding="utf-8"?>
<!DOCTYPE svg PUBLIC "-//W3C//DTD SVG 1.0//EN" "http://www.w3.org/TR/2001/REC-SVG-20010904/DTD/svg10.dtd">
<svg version="1.0" xmlns="http://www.w3.org/2000/svg" width="512px" height="512px" viewBox="0 0 512 512" preserveAspectRatio="xMidYMid meet">
 <g fill="#ff0faf">
  <path d="M80 496 l0 -16 8 0 8 0 0 -8 0 -8 8 0 8 0 0 -8 0 -8 16 0 16 0 0 -8 0 -8 -8 0 -8 0 0 -8 0 -8 -8 0 -8 0 0 -8 0 -8 -8 0 -8 0 0 -40 0 -40 8 0 8 0 0 -16 0 -16 -8 0 -8 0 0 -8 0 -8 -8 0 -8 0 0 -48 0 -48 8 0 8 0 0 -8 0 -8 8 0 8 0 0 -8 0 -8 8 0 8 0 0 -8 0 -8 24 0 24 0 0 8 0 8 8 0 8 0 0 -8 0 -8 56 0 56 0 0 8 0 8 8 0 8 0 0 8 0 8 8 0 8 0 0 8 0 8 8 0 8 0 0 8 0 8 8 0 8 0 0 56 0 56 8 0 8 0 0 8 0 8 8 0 8 0 0 40 0 40 -8 0 -8 0 0 8 0 8 -8 0 -8 0 0 8 0 8 -8 0 -8 0 0 8 0 8 18 0 18 0 0 8 0 8 6 0 6 0 0 8 0 8 8 0 8 0 0 16 0 16 -8 0 -8 0 0 -16 0 -16 -8 0 -8 0 0 -8 0 -8 -16 0 -16 0 0 -8 0 -8 -8 0 -8 0 0 -8 0 -8 -8 0 -8 0 0 -8 0 -8 -8 0 -8 0 0 -8 0 -8 8 0 8 0 0 8 0 8 24 0 24 0 0 -8 0 -8 8 0 8 0 0 -40 0 -40 -8 0 -8 0 0 -8 0 -8 -8 0 -8 0 0 -56 0 -56 -8 0 -8 0 0 -8 0 -8 -8 0 -8 0 0 -8 0 -8 -8 0 -8 0 0 -8 0 -8 -56 0 -56 0 0 8 0 8 -8 0 -8 0 0 -8 0 -8 -24 0 -24 0 0 8 0 8 -8 0 -8 0 0 8 0 8 -8 0 -8 0 0 48 0 48 8 0 8 0 0 8 0 8 8 0 8 0 0 -8 0 -8 8 0 8 0 0 16 0 16 -8 0 -8 0 0 8 0 8 -8 0 -8 0 0 40 0 40 8 0 8 0 0 8 0 8 24 0 24 0 0 -8 0 -8 8 0 8 0 0 8 0 8 -8 0 -8 0 0 8 0 8 -8 0 -8 0 0 8 0 8 -8 0 -8 0 0 8 0 8 -16 0 -16 0 0 8 0 8 -8 0 -8 0 0 16 0 16 -8 0 -8 0 0 -16z"/>
  <path d="M224 488 l0 -24 24 0 24 0 0 24 0 24 -8 0 -8 0 0 -16 0 -16 -8 0 -8 0 0 16 0 16 -8 0 -8 0 0 -24z"/>
 </g>
</svg>


----------

Pink Glow

<?xml version="1.0" encoding="utf-8"?>
<!DOCTYPE svg PUBLIC "-//W3C//DTD SVG 1.0//EN" "http://www.w3.org/TR/2001/REC-SVG-20010904/DTD/svg10.dtd">
<svg version="1.0" xmlns="http://www.w3.org/2000/svg" width="512px" height="512px" viewBox="0 0 512 512" preserveAspectRatio="xMidYMid meet">
 <g fill="#ff0faf">
  <path d="M80 496 l0 -16 8 0 8 0 0 -8 0 -8 8 0 8 0 0 -8 0 -8 16 0 16 0 0 -8 0 -8 -8 0 -8 0 0 -8 0 -8 -8 0 -8 0 0 -8 0 -8 -8 0 -8 0 0 -40 0 -40 8 0 8 0 0 -8 0 -8 8 0 8 0 0 -56 0 -56 8 0 8 0 0 -8 0 -8 8 0 8 0 0 -8 0 -8 8 0 8 0 0 -8 0 -8 8 0 8 0 0 -8 0 -8 56 0 56 0 0 8 0 8 8 0 8 0 0 8 0 8 8 0 8 0 0 8 0 8 8 0 8 0 0 8 0 8 8 0 8 0 0 56 0 56 8 0 8 0 0 8 0 8 8 0 8 0 0 40 0 40 -8 0 -8 0 0 8 0 8 -8 0 -8 0 0 8 0 8 -8 0 -8 0 0 8 0 8 18 0 18 0 0 8 0 8 6 0 6 0 0 8 0 8 8 0 8 0 0 16 0 16 -8 0 -8 0 0 -16 0 -16 -8 0 -8 0 0 -8 0 -8 -16 0 -16 0 0 -8 0 -8 -8 0 -8 0 0 -8 0 -8 -8 0 -8 0 0 -8 0 -8 -8 0 -8 0 0 -8 0 -8 8 0 8 0 0 8 0 8 24 0 24 0 0 -8 0 -8 8 0 8 0 0 -40 0 -40 -8 0 -8 0 0 -8 0 -8 -8 0 -8 0 0 -56 0 -56 -8 0 -8 0 0 -8 0 -8 -8 0 -8 0 0 -8 0 -8 -8 0 -8 0 0 -8 0 -8 -56 0 -56 0 0 8 0 8 -8 0 -8 0 0 8 0 8 -8 0 -8 0 0 8 0 8 -8 0 -8 0 0 56 0 56 -8 0 -8 0 0 8 0 8 -8 0 -8 0 0 40 0 40 8 0 8 0 0 8 0 8 24 0 24 0 0 -8 0 -8 8 0 8 0 0 8 0 8 -8 0 -8 0 0 8 0 8 -8 0 -8 0 0 8 0 8 -8 0 -8 0 0 8 0 8 -16 0 -16 0 0 8 0 8 -8 0 -8 0 0 16 0 16 -8 0 -8 0 0 -16z"/>
  <path d="M224 488 l0 -24 24 0 24 0 0 24 0 24 -8 0 -8 0 0 -16 0 -16 -8 0 -8 0 0 16 0 16 -8 0 -8 0 0 -24z"/>
 </g>
</svg>


---------------

Parrot 

<?xml version="1.0" encoding="utf-8"?>
<!DOCTYPE svg PUBLIC "-//W3C//DTD SVG 1.0//EN" "http://www.w3.org/TR/2001/REC-SVG-20010904/DTD/svg10.dtd">
<svg version="1.0" xmlns="http://www.w3.org/2000/svg" width="512px" height="512px" viewBox="0 0 512 512" preserveAspectRatio="xMidYMid meet">
 <g fill="#ff0faf">
  <path d="M80 496 l0 -16 8 0 8 0 0 -8 0 -8 8 0 8 0 0 -8 0 -8 16 0 16 0 0 -8 0 -8 -8 0 -8 0 0 -8 0 -8 -8 0 -8 0 0 -8 0 -8 -8 0 -8 0 0 -40 0 -40 8 0 8 0 0 -8 0 -8 8 0 8 0 0 -56 0 -56 8 0 8 0 0 -8 0 -8 8 0 8 0 0 -8 0 -8 8 0 8 0 0 -8 0 -8 8 0 8 0 0 -8 0 -8 56 0 56 0 0 8 0 8 8 0 8 0 0 8 0 8 8 0 8 0 0 8 0 8 8 0 8 0 0 8 0 8 8 0 8 0 0 56 0 56 8 0 8 0 0 8 0 8 8 0 8 0 0 40 0 40 -8 0 -8 0 0 8 0 8 -8 0 -8 0 0 8 0 8 -8 0 -8 0 0 8 0 8 18 0 18 0 0 8 0 8 6 0 6 0 0 8 0 8 8 0 8 0 0 16 0 16 -8 0 -8 0 0 -16 0 -16 -8 0 -8 0 0 -8 0 -8 -16 0 -16 0 0 -8 0 -8 -8 0 -8 0 0 -8 0 -8 -8 0 -8 0 0 -8 0 -8 -8 0 -8 0 0 -8 0 -8 8 0 8 0 0 8 0 8 24 0 24 0 0 -8 0 -8 8 0 8 0 0 -40 0 -40 -8 0 -8 0 0 -8 0 -8 -8 0 -8 0 0 -56 0 -56 -8 0 -8 0 0 -8 0 -8 -8 0 -8 0 0 -8 0 -8 -8 0 -8 0 0 -8 0 -8 -56 0 -56 0 0 8 0 8 -8 0 -8 0 0 8 0 8 -8 0 -8 0 0 8 0 8 -8 0 -8 0 0 56 0 56 -8 0 -8 0 0 8 0 8 -8 0 -8 0 0 40 0 40 8 0 8 0 0 8 0 8 24 0 24 0 0 -8 0 -8 8 0 8 0 0 8 0 8 -8 0 -8 0 0 8 0 8 -8 0 -8 0 0 8 0 8 -8 0 -8 0 0 8 0 8 -16 0 -16 0 0 8 0 8 -8 0 -8 0 0 16 0 16 -8 0 -8 0 0 -16z"/>
  <path d="M224 488 l0 -24 24 0 24 0 0 24 0 24 -8 0 -8 0 0 -16 0 -16 -8 0 -8 0 0 16 0 16 -8 0 -8 0 0 -24z"/>
 </g>
</svg>


------------

Necklace


<?xml version="1.0" encoding="utf-8"?>
<!DOCTYPE svg PUBLIC "-//W3C//DTD SVG 1.0//EN" "http://www.w3.org/TR/2001/REC-SVG-20010904/DTD/svg10.dtd">
<svg version="1.0" xmlns="http://www.w3.org/2000/svg" width="512px" height="512px" viewBox="0 0 512 512" preserveAspectRatio="xMidYMid meet">
 <g fill="#b9f2ff">
  <path d="M240 356 l0 -4 -4 0 -4 0 0 -4 0 -4 -4 0 -4 0 0 -4 0 -4 4 0 4 0 0 4 0 4 4 0 4 0 0 4 0 4 8 0 8 0 0 -4 0 -4 4 0 4 0 0 -4 0 -4 4 0 4 0 0 4 0 4 -4 0 -4 0 0 4 0 4 -4 0 -4 0 0 4 0 4 -8 0 -8 0 0 -4z"/>
 </g>
</svg>


---------

Morph


<?xml version="1.0" encoding="utf-8"?>
<!DOCTYPE svg PUBLIC "-//W3C//DTD SVG 1.0//EN" "http://www.w3.org/TR/2001/REC-SVG-20010904/DTD/svg10.dtd">
<svg version="1.0" xmlns="http://www.w3.org/2000/svg" width="512px" height="512px" viewBox="0 0 512 512" preserveAspectRatio="xMidYMid meet">
 <g fill="#000000">
  <path d="M96 496 l0 -16 8 0 8 0 0 -8 0 -8 16 0 16 0 0 -8 0 -8 8 0 8 0 0 -8 0 -8 8 0 8 0 0 -8 0 -8 -24 0 -24 0 0 -8 0 -8 -8 0 -8 0 0 -40 0 -40 8 0 8 0 0 -8 0 -8 8 0 8 0 0 -8 0 -8 9.5 0 9.5 0 0 9.5 0 9.5 -8 0 -8 0 0 8 0 8 -8 0 -8 0 0 37 0 37 21 0 21 0 0 -13 0 -13 -8 0 -8 0 0 -19 0 -19 8 0 8 0 0 -8 0 -8 11 0 11 0 0 24 0 24 8 0 8 0 0 27 0 27 -8 0 -8 0 0 8 0 8 -8 0 -8 0 0 5 0 5 69 0 69 0 0 -5 0 -5 -8 0 -8 0 0 -8 0 -8 -8 0 -8 0 0 -27 0 -27 8 0 8 0 0 -21 0 -21 -5 0 -5 0 0 8 0 8 -35 0 -35 0 0 -8 0 -8 -8 0 -8 0 0 -8 0 -8 -16 0 -16 0 0 -9.5 0 -9.5 17.5 0 17.5 0 0 8 0 8 8 0 8 0 0 8 0 8 32 0 32 0 0 -8 0 -8 8 0 8 0 0 -8 0 -8 9.5 0 9.5 0 0 9.5 0 9.5 -8 0 -8 0 0 5 0 5 8 0 8 0 0 8 0 8 8 0 8 0 0 19 0 19 -8 0 -8 0 0 13 0 13 21 0 21 0 0 -37 0 -37 -8 0 -8 0 0 -8 0 -8 -8 0 -8 0 0 -9.5 0 -9.5 9.5 0 9.5 0 0 8 0 8 8 0 8 0 0 8 0 8 8 0 8 0 0 40 0 40 -8 0 -8 0 0 8 0 8 -24 0 -24 0 0 8 0 8 8 0 8 0 0 8 0 8 8 0 8 0 0 8 0 8 16 0 16 0 0 8 0 8 8 0 8 0 0 16 0 16 -64 0 -64 0 0 -24 0 -24 -24 0 -24 0 0 24 0 24 -64 0 -64 0 0 -16z m109 -16 l0 -13 -29 0 -29 0 0 8 0 8 -16 0 -16 0 0 5 0 5 45 0 45 0 0 -13z m176 8 l0 -5 -16 0 -16 0 0 -8 0 -8 -29 0 -29 0 0 13 0 13 45 0 45 0 0 -5z m-189 -80 l0 -8 -8 0 -8 0 0 8 0 8 8 0 8 0 0 -8z m128 0 l0 -8 -8 0 -8 0 0 8 0 8 8 0 8 0 0 -8z"/>
 </g>
 <g fill="#ffffff">
  <path d="M112 488 l0 -8 16 0 16 0 0 -8 0 -8 32 0 32 0 0 16 0 16 -48 0 -48 0 0 -8z"/>
  <path d="M288 480 l0 -16 32 0 32 0 0 8 0 8 16 0 16 0 0 8 0 8 -48 0 -48 0 0 -16z"/>
  <path d="M205 417.5 c0 -0.8 0.7 -1.5 1.5 -1.5 1.2 0 1.5 -1.7 1.5 -9.5 l0 -9.5 17.5 0 17.5 0 0 11 0 11 -19 0 c-16.2 0 -19 -0.2 -19 -1.5z"/>
  <path d="M253 408 l0 -11 17.5 0 17.5 0 0 9.5 c0 7.8 0.3 9.5 1.5 9.5 0.8 0 1.5 0.7 1.5 1.5 0 1.3 -2.8 1.5 -19 1.5 l-19 0 0 -11z"/>
  <path d="M128 374.5 l0 -25.5 16 0 16 0 0 9.5 0 9.5 8 0 8 0 0 16 0 16 -24 0 -24 0 0 -25.5z"/>
  <path d="M320 384 l0 -16 8 0 8 0 0 -9.5 0 -9.5 16 0 16 0 0 25.5 0 25.5 -24 0 -24 0 0 -16z"/>
  <path d="M237 367.5 l-12.5 -12.5 -8.2 8.2 c-5.4 5.3 -8.3 7.6 -8.3 6.5 0 -1.5 -1.1 -1.7 -8 -1.7 l-8 0 0 -24 c0 -13.2 0 -24.3 0 -24.7 0 -0.5 1.6 -0.9 3.6 -1.1 3.6 -0.3 4.3 0.2 16.3 12.3 l12.7 12.5 3.4 -3.5 3.4 -3.5 21.6 0 21.6 0 3.4 3.5 3.4 3.5 9.6 -9.5 c5.2 -5.2 10.3 -9.5 11.3 -9.5 1.6 0 1.7 1.8 1.7 22 l0 22 -4.8 0 c-4.5 0 -5.1 -0.3 -11.2 -6.5 l-6.5 -6.5 -12.5 12.5 c-16.7 16.7 -15.4 16.7 -32 0z"/>
 </g>
 <g fill="#f988ae">
  <path d="M176 440 l0 -8 8 0 8 0 0 -8 0 -8 24 0 c20.7 0 24 -0.2 24 -1.5 0 -1.2 1.6 -1.5 8 -1.5 6.4 0 8 0.3 8 1.5 0 1.3 3.3 1.5 24 1.5 l24 0 0 8 0 8 8 0 8 0 0 8 0 8 -72 0 -72 0 0 -8z"/>
  <path d="M240 401.5 c0 -1.3 -2.4 -1.5 -16 -1.5 l-16 0 0 -16 c0 -12 -0.3 -16 -1.2 -16 -0.7 0 3 -4.3 8.2 -9.5 l9.5 -9.5 -14.2 -14.2 c-14.1 -14 -14.2 -14.2 -16.3 -12.3 -2 1.8 -2 1.8 -2 -0.3 0 -2.1 -0.5 -2.2 -8 -2.2 l-8 0 0 8 0 8 -8 0 -8 0 0 8 0 8 -16 0 -16 0 0 -16 0 -16 8 0 8 0 0 -8 0 -8 8 0 8 0 0 -8 0 -8 8 0 8 0 0 8 0 8 16 0 16 0 0 8 0 8 8 0 8 0 0 8 0 8 6.7 0 6.7 0 -6.4 6.5 -6.5 6.5 14.3 14.3 14.2 14.2 14.2 -14.2 14.3 -14.3 -6.5 -6.5 -6.4 -6.5 9.7 0 9.7 0 0 -8 0 -8 8 0 8 0 0 -8 0 -8 8 0 8 0 0 -8 0 -8 8 0 8 0 0 8 0 8 8 0 8 0 0 8 0 8 8 0 8 0 0 16 0 16 -16 0 -16 0 0 -8 0 -8 -8 0 -8 0 0 -8 0 -8 -8 0 -8 0 0 3.2 c0 2.8 -1.6 4.8 -11.2 14.5 l-11.3 11.3 9.5 9.5 9.5 9.5 -6.3 0 -6.2 0 0 16 0 16 -16 0 c-13.6 0 -16 0.2 -16 1.5 0 1.2 -1.6 1.5 -8 1.5 -6.4 0 -8 -0.3 -8 -1.5z"/>
 </g>
 <g fill="#ca9708">
  <path d="M240 408 l0 -8 8 0 8 0 0 8 0 8 -8 0 -8 0 0 -8z"/>
 </g>
</svg>


-----------



