Female base


<?xml version="1.0" encoding="utf-8"?>
<!DOCTYPE svg PUBLIC "-//W3C//DTD SVG 1.0//EN" "http://www.w3.org/TR/2001/REC-SVG-20010904/DTD/svg10.dtd">
<svg version="1.0" xmlns="http://www.w3.org/2000/svg" width="512px" height="512px" viewBox="0 0 512 512" preserveAspectRatio="xMidYMid meet">
 <g fill="#000100">
  <path d="M96 496 l0 -16 8 0 8 0 0 -8 0 -8 16 0 16 0 0 -8 0 -8 8 0 8 0 0 -8 0 -8 8 0 8 0 0 -8 0 -8 -24 0 -24 0 0 -8 0 -8 -8 0 -8 0 0 -40 0 -40 8 0 8 0 0 -8 0 -8 8 0 8 0 0 -56 0 -56 8 0 8 0 0 -8 0 -8 8 0 8 0 0 -8 0 -8 8 0 8 0 0 -8 0 -8 56 0 56 0 0 8 0 8 8 0 8 0 0 8 0 8 8 0 8 0 0 8 0 8 8 0 8 0 0 56 0 56 8 0 8 0 0 8 0 8 8 0 8 0 0 40 0 40 -8 0 -8 0 0 8 0 8 -24 0 -24 0 0 8 0 8 8 0 8 0 0 8 0 8 8 0 8 0 0 8 0 8 16 0 16 0 0 8 0 8 8 0 8 0 0 16 0 16 -64 0 -64 0 0 -24 0 -24 -24 0 -24 0 0 24 0 24 -64 0 -64 0 0 -16z m109 -19 l0 -16 8 0 8 0 0 -8 0 -8 27 0 27 0 0 8 0 8 8 0 8 0 0 16 0 16 45 0 45 0 0 -5 0 -5 -16 0 -16 0 0 -8 0 -8 -8 0 -8 0 0 -8 0 -8 -8 0 -8 0 0 -8 0 -8 -8 0 -8 0 0 -8 0 -8 -8 0 -8 0 0 -27 0 -27 8 0 8 0 0 -16 0 -16 11 0 11 0 0 8 0 8 8 0 8 0 0 11 0 11 -8 0 -8 0 0 13 0 13 21 0 21 0 0 -29 0 -29 -8 0 -8 0 0 -8 0 -8 -8 0 -8 0 0 -64 0 -64 -8 0 -8 0 0 -8 0 -8 -8 0 -8 0 0 -8 0 -8 -53 0 -53 0 0 8 0 8 -8 0 -8 0 0 8 0 8 -8 0 -8 0 0 64 0 64 -8 0 -8 0 0 8 0 8 -8 0 -8 0 0 29 0 29 21 0 21 0 0 -13 0 -13 -8 0 -8 0 0 -11 0 -11 8 0 8 0 0 -8 0 -8 11 0 11 0 0 16 0 16 8 0 8 0 0 27 0 27 -8 0 -8 0 0 8 0 8 -8 0 -8 0 0 8 0 8 -8 0 -8 0 0 8 0 8 -8 0 -8 0 0 8 0 8 -16 0 -16 0 0 5 0 5 45 0 45 0 0 -16z m-13 -69 l0 -8 -8 0 -8 0 0 8 0 8 8 0 8 0 0 -8z m128 0 l0 -8 -8 0 -8 0 0 8 0 8 8 0 8 0 0 -8z"/>
  <path d="M221 331 l0 -8 -8 0 -8 0 0 -8 0 -8 -16 0 -16 0 0 -11 0 -11 19 0 19 0 0 8 0 8 8 0 8 0 0 8 0 8 29 0 29 0 0 -8 0 -8 8 0 8 0 0 -8 0 -8 11 0 11 0 0 11 0 11 -8 0 -8 0 0 8 0 8 -8 0 -8 0 0 8 0 8 -35 0 -35 0 0 -8z"/>
 </g>
 <g fill="#f1c27d">
  <path d="M112 488 l0 -8 16 0 16 0 0 -8 0 -8 8 0 8 0 0 -8 0 -8 8 0 8 0 0 -8 0 -8 8 0 8 0 0 -8 0 -8 8 0 8 0 0 -24 0 -24 -8 0 -8 0 0 -16 0 -16 -8 0 -8 0 0 8 0 8 -8 0 -8 0 0 8 0 8 8 0 8 0 0 16 0 16 -24 0 -24 0 0 -32 0 -32 8 0 8 0 0 -8 0 -8 8 0 8 0 0 -64 0 -64 8 0 8 0 0 -8 0 -8 8 0 8 0 0 -8 0 -8 56 0 56 0 0 8 0 8 8 0 8 0 0 8 0 8 8 0 8 0 0 64 0 64 8 0 8 0 0 8 0 8 8 0 8 0 0 32 0 32 -24 0 -24 0 0 -16 0 -16 8 0 8 0 0 -8 0 -8 -8 0 -8 0 0 -8 0 -8 -8 0 -8 0 0 16 0 16 -8 0 -8 0 0 24 0 24 8 0 8 0 0 8 0 8 8 0 8 0 0 8 0 8 8 0 8 0 0 8 0 8 8 0 8 0 0 8 0 8 16 0 16 0 0 8 0 8 -48 0 -48 0 0 -16 0 -16 -8 0 -8 0 0 -8 0 -8 -24 0 -24 0 0 8 0 8 -8 0 -8 0 0 16 0 16 -48 0 -48 0 0 -8z m176 -160 l0 -8 8 0 8 0 0 -8 0 -8 8 0 8 0 0 -8 0 -8 -8 0 -8 0 0 8 0 8 -8 0 -8 0 0 8 0 8 -32 0 -32 0 0 -8 0 -8 -8 0 -8 0 0 -8 0 -8 -16 0 -16 0 0 8 0 8 16 0 16 0 0 8 0 8 8 0 8 0 0 8 0 8 32 0 32 0 0 -8z"/>
 </g>
</svg>












---------------





Heel Base


<?xml version="1.0" encoding="utf-8"?>
<!DOCTYPE svg PUBLIC "-//W3C//DTD SVG 1.0//EN" "http://www.w3.org/TR/2001/REC-SVG-20010904/DTD/svg10.dtd">
<svg version="1.0" xmlns="http://www.w3.org/2000/svg" width="512px" height="512px" viewBox="0 0 512 512" preserveAspectRatio="xMidYMid meet">
 <g fill="#000100">
  <path d="M96 496 l0 -16 8 0 8 0 0 -8 0 -8 16 0 16 0 0 -8 0 -8 8 0 8 0 0 -8 0 -8 8 0 8 0 0 -8 0 -8 -24 0 -24 0 0 -8 0 -8 -8 0 -8 0 0 -40 0 -40 8 0 8 0 0 -8 0 -8 8 0 8 0 0 -56 0 -56 8 0 8 0 0 -8 0 -8 8 0 8 0 0 -8 0 -8 8 0 8 0 0 -8 0 -8 56 0 56 0 0 8 0 8 8 0 8 0 0 8 0 8 8 0 8 0 0 8 0 8 8 0 8 0 0 56 0 56 8 0 8 0 0 8 0 8 8 0 8 0 0 40 0 40 -8 0 -8 0 0 8 0 8 -24 0 -24 0 0 8 0 8 8 0 8 0 0 8 0 8 8 0 8 0 0 8 0 8 16 0 16 0 0 8 0 8 8 0 8 0 0 16 0 16 -40.5 0 -40.5 0 0 -9.5 0 -9.5 31 0 31 0 0 -5 0 -5 -16 0 -16 0 0 -8 0 -8 -8 0 -8 0 0 -8 0 -8 -8 0 -8 0 0 -8 0 -8 -8 0 -8 0 0 -8 0 -8 -8 0 -8 0 0 -27 0 -27 8 0 8 0 0 -16 0 -16 11 0 11 0 0 8 0 8 8 0 8 0 0 11 0 11 -8 0 -8 0 0 13 0 13 21 0 21 0 0 -29 0 -29 -8 0 -8 0 0 -8 0 -8 -8 0 -8 0 0 -64 0 -64 -8 0 -8 0 0 -8 0 -8 -8 0 -8 0 0 -8 0 -8 -53 0 -53 0 0 8 0 8 -8 0 -8 0 0 8 0 8 -8 0 -8 0 0 64 0 64 -8 0 -8 0 0 8 0 8 -8 0 -8 0 0 29 0 29 21 0 21 0 0 -13 0 -13 -8 0 -8 0 0 -11 0 -11 8 0 8 0 0 -8 0 -8 11 0 11 0 0 16 0 16 8 0 8 0 0 27 0 27 -8 0 -8 0 0 8 0 8 -8 0 -8 0 0 8 0 8 -8 0 -8 0 0 8 0 8 -8 0 -8 0 0 8 0 8 -16 0 -16 0 0 5 0 5 30.5 0 30.5 0 0 9.5 0 9.5 -40 0 -40 0 0 -16z m96 -88 l0 -8 -8 0 -8 0 0 8 0 8 8 0 8 0 0 -8z m128 0 l0 -8 -8 0 -8 0 0 8 0 8 8 0 8 0 0 -8z"/>
  <path d="M192 502.5 l0 -9.5 6.5 0 6.5 0 0 -16 0 -16 8 0 8 0 0 -8 0 -8 27 0 27 0 0 8 0 8 8 0 8 0 0 16 0 16 6.5 0 6.5 0 0 9.5 0 9.5 -16 0 -16 0 0 -24 0 -24 -24 0 -24 0 0 24 0 24 -16 0 -16 0 0 -9.5z"/>
  <path d="M221 331 l0 -8 -8 0 -8 0 0 -8 0 -8 -16 0 -16 0 0 -11 0 -11 19 0 19 0 0 8 0 8 8 0 8 0 0 8 0 8 29 0 29 0 0 -8 0 -8 8 0 8 0 0 -8 0 -8 11 0 11 0 0 11 0 11 -8 0 -8 0 0 8 0 8 -8 0 -8 0 0 8 0 8 -35 0 -35 0 0 -8z"/>
 </g>
 <g fill="#f1c27d">
  <path d="M112 488 l0 -8 16 0 16 0 0 -8 0 -8 8 0 8 0 0 -8 0 -8 8 0 8 0 0 -8 0 -8 8 0 8 0 0 -8 0 -8 8 0 8 0 0 -24 0 -24 -8 0 -8 0 0 -16 0 -16 -8 0 -8 0 0 8 0 8 -8 0 -8 0 0 8 0 8 8 0 8 0 0 16 0 16 -24 0 -24 0 0 -32 0 -32 8 0 8 0 0 -8 0 -8 8 0 8 0 0 -64 0 -64 8 0 8 0 0 -8 0 -8 8 0 8 0 0 -8 0 -8 56 0 56 0 0 8 0 8 8 0 8 0 0 8 0 8 8 0 8 0 0 64 0 64 8 0 8 0 0 8 0 8 8 0 8 0 0 32 0 32 -24 0 -24 0 0 -16 0 -16 8 0 8 0 0 -8 0 -8 -8 0 -8 0 0 -8 0 -8 -8 0 -8 0 0 16 0 16 -8 0 -8 0 0 24 0 24 8 0 8 0 0 8 0 8 8 0 8 0 0 8 0 8 8 0 8 0 0 8 0 8 8 0 8 0 0 8 0 8 16 0 16 0 0 8 0 8 -32.5 0 -32.5 0 0 -8 0 -8 -7.5 0 -7.5 0 0 8 0 8 -8 0 -8 0 0 -16 0 -16 -8 0 -8 0 0 -8 0 -8 -24 0 -24 0 0 8 0 8 -8 0 -8 0 0 16 0 16 -8 0 -8 0 0 -8.5 0 -8.5 -8 0 -8 0 0 8.5 0 8.5 -32 0 -32 0 0 -8z m176 -160 l0 -8 8 0 8 0 0 -8 0 -8 8 0 8 0 0 -8 0 -8 -8 0 -8 0 0 8 0 8 -8 0 -8 0 0 8 0 8 -32 0 -32 0 0 -8 0 -8 -8 0 -8 0 0 -8 0 -8 -16 0 -16 0 0 8 0 8 16 0 16 0 0 8 0 8 8 0 8 0 0 8 0 8 32 0 32 0 0 -8z"/>
 </g>
</svg>




-----------





Ignore current skin color fills (#f1c27d) and use these


#9781ac (light purple)
#89ac81 (light green
#81a3ac (light blue)
#a4905f (light orange)
#ca6d6c (light red)
#b3b3b3 (light grey)
