Pants:

<?xml version="1.0" encoding="utf-8"?>
<!DOCTYPE svg PUBLIC "-//W3C//DTD SVG 1.0//EN" "http://www.w3.org/TR/2001/REC-SVG-20010904/DTD/svg10.dtd">
<svg version="1.0" xmlns="http://www.w3.org/2000/svg" width="512px" height="512px" viewBox="0 0 512 512" preserveAspectRatio="xMidYMid meet">
 <g fill="#5dadec">
  <path d="M160 456 l0 -8 8 0 8 0 0 -8 0 -8 8 0 8 0 0 -8 0 -8 56 0 56 0 0 8 0 8 8 0 8 0 0 8 0 8 8 0 8 0 0 8 0 8 -32 0 -32 0 0 -8 0 -8 -24 0 -24 0 0 8 0 8 -32 0 -32 0 0 -8z"/>
 </g>
</svg>


-------------

SHIRTS:

------------------


Dress

<?xml version="1.0" encoding="utf-8"?>
<!DOCTYPE svg PUBLIC "-//W3C//DTD SVG 1.0//EN" "http://www.w3.org/TR/2001/REC-SVG-20010904/DTD/svg10.dtd">
<svg version="1.0" xmlns="http://www.w3.org/2000/svg" width="512px" height="512px" viewBox="0 0 512 512" preserveAspectRatio="xMidYMid meet">
 <g fill="#395cdb">
  <path d="M176 440 l0 -8 8 0 8 0 0 -8 0 -8 8 0 8 0 0 -24 0 -24 -8 0 -8 0 0 -32 0 -32 8 0 8 0 0 16 0 16 8 0 8 0 0 8 0 8 24 0 24 0 0 -8 0 -8 8 0 8 0 0 -8 0 -8 8 0 8 0 0 24 0 24 -8 0 -8 0 0 24 0 24 8 0 8 0 0 8 0 8 8 0 8 0 0 8 0 8 -72 0 -72 0 0 -8z"/>
 </g>
</svg>


-------------------


Dress shirt (with skirt)

<?xml version="1.0" encoding="utf-8"?>
<!DOCTYPE svg PUBLIC "-//W3C//DTD SVG 1.0//EN" "http://www.w3.org/TR/2001/REC-SVG-20010904/DTD/svg10.dtd">
<svg version="1.0" xmlns="http://www.w3.org/2000/svg" width="512px" height="512px" viewBox="0 0 512 512" preserveAspectRatio="xMidYMid meet">
 <g fill="#fce86b">
  <path d="M208 385.5 l0 -17.5 -8 0 -8 0 0 -16 0 -16 -8 0 c-5.7 0 -8 0.4 -8 1.3 0 0.9 -3.8 1.1 -16.7 0.9 -15.6 -0.4 -19.7 -0.8 -16.5 -1.9 0.8 -0.3 1.2 -3 1.2 -8.4 l0 -7.9 8 0 8 0 0 -8 0 -8 24 0 24 0 0 8 0 8 8 0 8 0 0 8 c0 6.1 0.3 8 1.4 8 1 0 1.3 1.5 1.2 5.8 l-0.1 5.7 6.8 0.3 c5.9 0.3 6.7 0.5 6.7 2.2 0 1.1 0.5 2 1 2 0.6 0 1 9.2 1 25.5 l0 25.5 -17 0 -17 0 0 -17.5z"/>
  <path d="M252 377.5 c0 -24.8 0.1 -25.5 2 -25.5 1.3 0 2 -0.7 2 -2 0 -1.6 0.8 -1.9 5.8 -2.2 l5.7 -0.3 0.3 -5.7 0.3 -5.8 9.9 0 10 0 0 -8 0 -8 8 0 8 0 0 -8 0 -8 16 0 16 0 0 8 0 8 8 0 8 0 0 7.9 c0 5.4 0.4 8.1 1.3 8.4 3.1 1.1 -1 1.5 -16.6 1.9 -12.9 0.2 -16.7 0 -16.7 -0.9 0 -0.9 -2.3 -1.3 -8 -1.3 l-8 0 0 16 0 16 -8 0 -8 0 0 17.5 0 17.5 -18 0 -18 0 0 -25.5z"/>
 </g>
 <g fill="#a08e7f">
  <path d="M176 440 l0 -8 8 0 8 0 0 -8 0 -8 8 0 8 0 0 -8 0 -8 15.5 0 c13.1 0 15.5 -0.2 15.5 -1.5 0 -1.2 1.6 -1.5 8 -1.5 6.4 0 8 0.3 8 1.5 0 1.3 2.5 1.5 16.5 1.5 l16.5 0 0 8 0 8 8 0 8 0 0 8 0 8 8 0 8 0 0 8 0 8 -72 0 -72 0 0 -8z"/>
 </g>
 <g fill="#ecd960">
  <path d="M238.8 375.8 l-0.3 -24.3 -7.5 -0.5 -7.5 -0.5 -0.3 -7.2 -0.3 -7.3 8.6 0 8.5 0 0 8 0 8 7.5 0 7.5 0 0 24 0 24 -8 0 -8 0 -0.2 -24.2z"/>
  <path d="M128 344.2 l0 -7.9 12.2 -0.6 c6.6 -0.4 17.4 -0.7 24 -0.7 l11.8 0 0 8.5 0 8.5 -24 0 -24 0 0 -7.8z"/>
  <path d="M320 343.5 l0 -8.5 11.8 0 c6.6 0 17.4 0.3 24 0.7 l12.2 0.6 0 7.9 0 7.8 -24 0 -24 0 0 -8.5z"/>
  <path d="M256 343.5 l0 -7.5 7.5 0 7.6 0 -0.3 7.3 -0.3 7.2 -7.2 0.3 -7.3 0.3 0 -7.6z"/>
 </g>
</svg>


-----------

Female tracksuit


<?xml version="1.0" encoding="utf-8"?>
<!DOCTYPE svg PUBLIC "-//W3C//DTD SVG 1.0//EN" "http://www.w3.org/TR/2001/REC-SVG-20010904/DTD/svg10.dtd">
<svg version="1.0" xmlns="http://www.w3.org/2000/svg" width="512px" height="512px" viewBox="0 0 512 512" preserveAspectRatio="xMidYMid meet">
 <g fill="#2c8c37">
  <path d="M173 456 c0 -6.4 0.3 -8 1.5 -8 0.8 0 1.5 -0.7 1.5 -1.5 0 -1.2 1.4 -1.5 6.5 -1.5 l6.5 0 0 -6.5 c0 -5.1 0.3 -6.5 1.5 -6.5 0.8 0 1.5 -0.7 1.5 -1.5 0 -1.2 1.4 -1.5 6.5 -1.5 l6.5 0 0 -6.5 c0 -5.1 0.3 -6.5 1.5 -6.5 1.3 0 1.5 -3.3 1.5 -24 l0 -24 -8 0 -8 0 0 -16 0 -16 -8 0 -8 0 0 8 0 8 -24 0 -24 0 0 -8 0 -8 8 0 c6.4 0 8 -0.3 8 -1.5 0 -1.2 1.4 -1.5 6.5 -1.5 l6.5 0 0 -6.5 c0 -5.1 0.3 -6.5 1.5 -6.5 0.8 0 1.5 -0.7 1.5 -1.5 0 -1.2 1.4 -1.5 6.5 -1.5 l6.5 0 0 -6.5 0 -6.5 17.5 0 17.5 0 0 8 0 8 8 0 8 0 0 8 c0 6.4 0.3 8 1.5 8 1.3 0 1.5 4.9 1.5 38.5 l0 38.5 21 0 21 0 0 -38.5 0 -38.5 9.5 0 9.5 0 0 -8 0 -8 8 0 8 0 0 -8 0 -8 9.5 0 9.5 0 0 6.5 0 6.5 6.5 0 c5.1 0 6.5 0.3 6.5 1.5 0 0.8 0.7 1.5 1.5 1.5 1.2 0 1.5 1.4 1.5 6.5 l0 6.5 6.5 0 c5.1 0 6.5 0.3 6.5 1.5 0 1.2 1.6 1.5 8 1.5 l8 0 0 8 0 8 -24 0 -24 0 0 -8 0 -8 -8 0 -8 0 0 16 0 16 -8 0 -8 0 0 24 c0 20.7 0.2 24 1.5 24 1.2 0 1.5 1.4 1.5 6.5 l0 6.5 6.5 0 c5.1 0 6.5 0.3 6.5 1.5 0 0.8 0.7 1.5 1.5 1.5 1.2 0 1.5 1.4 1.5 6.5 l0 6.5 6.5 0 c5.1 0 6.5 0.3 6.5 1.5 0 0.8 0.7 1.5 1.5 1.5 1.2 0 1.5 1.6 1.5 8 l0 8 -25.5 0 -25.5 0 0 -8 0 -8 -9.5 0 -9.5 0 0 -6.5 0 -6.5 -5 0 -5 0 0 6.5 0 6.5 -9.5 0 -9.5 0 0 8 0 8 -25.5 0 -25.5 0 0 -8z"/>
 </g>
 <g fill="#ffffff">
  <path d="M224 376 l0 -40 24 0 24 0 0 40 0 40 -24 0 -24 0 0 -40z"/>
 </g>
 <g fill="#3ebb4c">
  <path d="M160 456 l0 -8 8 0 8 0 0 -8 0 -8 8 0 8 0 0 -8 0 -8 8 0 8 0 0 8 0 8 -8 0 -8 0 0 8 0 8 -8 0 -8 0 0 8 0 8 -8 0 -8 0 0 -8z"/>
  <path d="M320 456 l0 -8 -8 0 -8 0 0 -8 0 -8 -8 0 -8 0 0 -8 0 -8 8 0 8 0 0 8 0 8 8 0 8 0 0 8 0 8 8 0 8 0 0 8 0 8 -8 0 -8 0 0 -8z"/>
  <path d="M144 328 l0 -8 8 0 8 0 0 -8 0 -8 8 0 8 0 0 8 0 8 -8 0 -8 0 0 8 0 8 -8 0 -8 0 0 -8z"/>
  <path d="M336 328 l0 -8 -8 0 -8 0 0 -8 0 -8 8 0 8 0 0 8 0 8 8 0 8 0 0 8 0 8 -8 0 -8 0 0 -8z"/>
 </g>
 <g fill="#000000">
  <path d="M240 440 l0 -8 8 0 8 0 0 8 0 8 -8 0 -8 0 0 -8z"/>
 </g>
</svg>


--------------

T-shirt

<?xml version="1.0" encoding="utf-8"?>
<!DOCTYPE svg PUBLIC "-//W3C//DTD SVG 1.0//EN" "http://www.w3.org/TR/2001/REC-SVG-20010904/DTD/svg10.dtd">
<svg version="1.0" xmlns="http://www.w3.org/2000/svg" width="512px" height="512px" viewBox="0 0 512 512" preserveAspectRatio="xMidYMid meet">
 <g fill="#dc71f7">
  <path d="M208 392 l0 -24 -8 0 -8 0 0 -16 0 -16 -8 0 -8 0 0 8 0 8 -24 0 -24 0 0 -8 0 -8 8 0 8 0 0 -8 0 -8 8 0 8 0 0 -8 0 -8 24 0 24 0 0 8 0 8 8 0 8 0 0 8 0 8 32 0 32 0 0 -8 0 -8 8 0 8 0 0 -8 0 -8 16 0 16 0 0 8 0 8 8 0 8 0 0 8 0 8 8 0 8 0 0 8 0 8 -24 0 -24 0 0 -8 0 -8 -8 0 -8 0 0 16 0 16 -8 0 -8 0 0 24 0 24 -40 0 -40 0 0 -24z"/>
 </g>
</svg>
