female hair

Long Brown

<?xml version="1.0" encoding="utf-8"?>
<!DOCTYPE svg PUBLIC "-//W3C//DTD SVG 1.0//EN" "http://www.w3.org/TR/2001/REC-SVG-20010904/DTD/svg10.dtd">
<svg version="1.0" xmlns="http://www.w3.org/2000/svg" width="512px" height="512px" viewBox="0 0 512 512" preserveAspectRatio="xMidYMid meet">
 <g fill="#000100">
  <path d="M144 256 l0 -64 8 0 8 0 0 -8 0 -8 8 0 8 0 0 -8 0 -8 8 0 8 0 0 -8 0 -8 56 0 56 0 0 8 0 8 8 0 8 0 0 8 0 8 8 0 8 0 0 8 0 8 8 0 8 0 0 64 0 64 -8 0 -8 0 0 -8 c0 -6.4 -0.3 -8 -1.5 -8 -1.3 0 -1.5 -6.7 -1.5 -54.5 l0 -54.5 -8 0 -8 0 0 -8 0 -8 -8 0 -8 0 0 -8 0 -8 -53 0 -53 0 0 8 0 8 -8 0 -8 0 0 8 0 8 -8 0 -8 0 0 54.5 c0 47.8 -0.2 54.5 -1.5 54.5 -1.2 0 -1.5 1.6 -1.5 8 l0 8 -8 0 -8 0 0 -64z"/>
 </g>
 <g fill="#885028">
  <path d="M160 248 l0 -56 8 0 8 0 0 -8 0 -8 8 0 8 0 0 -8 0 -8 56 0 56 0 0 8 0 8 8 0 8 0 0 8 0 8 8 0 8 0 0 56 0 56 -8 0 -8 0 0 -40 0 -40 -8 0 -8 0 0 -8 0 -8 -8 0 -8 0 0 8 0 8 -8 0 -8 0 0 -16 0 -16 -16 0 -16 0 0 8 0 8 -8 0 -8 0 0 24 0 24 -8 0 -8 0 0 -8 0 -8 -8 0 -8 0 0 24 0 24 -8 0 -8 0 0 8 0 8 -8 0 -8 0 0 -56z m61 -48 l0 -5 -5 0 -5 0 0 5 0 5 5 0 5 0 0 -5z m16 -16 l0 -5 -5 0 -5 0 0 5 0 5 5 0 5 0 0 -5z"/>
 </g>
 <g fill="#d8d8d8">
  <path d="M208 200 l0 -8 8 0 8 0 0 -8 0 -8 8 0 8 0 0 8 0 8 -8 0 -8 0 0 8 0 8 -8 0 -8 0 0 -8z"/>
 </g>
</svg>


---------------


ponytail brown


<?xml version="1.0" encoding="utf-8"?>
<!DOCTYPE svg PUBLIC "-//W3C//DTD SVG 1.0//EN" "http://www.w3.org/TR/2001/REC-SVG-20010904/DTD/svg10.dtd">
<svg version="1.0" xmlns="http://www.w3.org/2000/svg" width="512px" height="512px" viewBox="0 0 512 512" preserveAspectRatio="xMidYMid meet">
 <g fill="#010000">
  <path d="M336 312 c0 -6.4 -0.3 -8 -1.5 -8 -1.3 0 -1.5 -6.7 -1.5 -54.5 l0 -54.5 -8 0 -8 0 0 -8 0 -8 -8 0 -8 0 0 -8 0 -8 -56 0 c-49.1 0 -56 -0.2 -56 -1.5 0 -0.8 0.7 -1.5 1.5 -1.5 1.2 0 1.5 -1.6 1.5 -8 l0 -8 56 0 56 0 0 8 0 8 8 0 8 0 0 8 0 8 8 0 8 0 0 8 0 8 8 0 8 0 0 64 0 64 -8 0 -8 0 0 -8z"/>
  <path d="M160 296 l0 -8 -8 0 -8 0 0 -8 0 -8 -8 0 -8 0 0 8 0 8 -8 0 -8 0 0 -8 0 -8 -8 0 -8 0 0 -48 0 -48 8 0 8 0 0 -8 0 -8 8 0 8 0 0 -8 0 -8 24 0 24 0 0 8 c0 6.4 0.3 8 1.5 8 0.8 0 1.5 0.7 1.5 1.5 0 1.3 -3.3 1.5 -24 1.5 l-24 0 0 8 0 8 -8 0 -8 0 0 45 0 45 5 0 5 0 0 -8 0 -8 8 0 8 0 0 -32 0 -32 11 0 11 0 0 32 0 32 8 0 8 0 0 8 0 8 6.5 0 6.5 0 0 9.5 0 9.5 8 0 8 0 0 8 0 8 -24 0 -24 0 0 -8z m13 -16 l0 -5 -5 0 -5 0 0 5 0 5 5 0 5 0 0 -5z m-13 -16 l0 -8 -8 0 -8 0 0 8 0 8 8 0 8 0 0 -8z"/>
 </g>
 <g fill="#8e5c10">
  <path d="M320 264 l0 -40 -8 0 -8 0 0 -8 0 -8 -8 0 -8 0 0 8 0 8 -8 0 -8 0 0 -16 0 -16 -16 0 -16 0 0 8 0 8 -8 0 -8 0 0 24 0 24 -8 0 -8 0 0 -8 0 -8 -8 0 -8 0 0 16 0 16 -8 0 -8 0 0 8 0 8 -8 0 -8 0 0 -8 0 -8 8 0 8 0 0 -8 0 -8 -8 0 -8 0 0 -32 0 -32 -8 0 -8 0 0 32 0 32 -8 0 -8 0 0 8 0 8 -8 0 -8 0 0 -48 0 -48 8 0 8 0 0 -8 0 -8 25.5 0 25.5 0 0 6.5 0 6.5 5 0 5 0 0 -6.5 0 -6.5 57.5 0 57.5 0 0 8 0 8 8 0 8 0 0 8 0 8 8 0 8 0 0 56 0 56 -8 0 -8 0 0 -40z m-99 -64 l0 -5 -5 0 -5 0 0 5 0 5 5 0 5 0 0 -5z m-48 -16 l0 -5 -5 0 -5 0 0 5 0 5 5 0 5 0 0 -5z m64 0 l0 -5 -5 0 -5 0 0 5 0 5 5 0 5 0 0 -5z"/>
 </g>
 <g fill="#41658f">
  <path d="M160 184 l0 -8 8 0 8 0 0 -8 0 -8 8 0 8 0 0 8 0 8 -8 0 -8 0 0 8 0 8 -8 0 -8 0 0 -8z"/>
 </g>
 <g fill="#d8d8d8">
  <path d="M208 200 l0 -8 8 0 8 0 0 -8 0 -8 8 0 8 0 0 8 0 8 -8 0 -8 0 0 8 0 8 -8 0 -8 0 0 -8z"/>
 </g>
</svg>


----------------


short blue


<?xml version="1.0" encoding="utf-8"?>
<!DOCTYPE svg PUBLIC "-//W3C//DTD SVG 1.0//EN" "http://www.w3.org/TR/2001/REC-SVG-20010904/DTD/svg10.dtd">
<svg version="1.0" xmlns="http://www.w3.org/2000/svg" width="512px" height="512px" viewBox="0 0 512 512" preserveAspectRatio="xMidYMid meet">
 <g fill="#000001">
  <path d="M160 288 l0 -16 -8 0 -8 0 0 -8 0 -8 -8 0 -8 0 0 -8 0 -8 8 0 8 0 0 -24 0 -24 8 0 8 0 0 -8 0 -8 8 0 8 0 0 -8 0 -8 8 0 8 0 0 -8 0 -8 56 0 56 0 0 8 0 8 8 0 8 0 0 8 0 8 8 0 8 0 0 8 0 8 8 0 8 0 0 40 0 40 -8 0 -8 0 0 16 0 16 -8 0 -8 0 0 -17.5 0 -17.5 6.5 0 6.5 0 0 -37 0 -37 -8 0 -8 0 0 -8 0 -8 -8 0 -8 0 0 -8 0 -8 -53 0 -53 0 0 8 0 8 -8 0 -8 0 0 8 0 8 -8 0 -8 0 0 24 0 24 -8 0 -8 0 0 5 0 5 8 0 8 0 0 8 0 8 8 0 8 0 0 9.5 c0 7.8 -0.3 9.5 -1.5 9.5 -1.2 0 -1.5 1.6 -1.5 8 l0 8 -8 0 -8 0 0 -16z"/>
 </g>
 <g fill="#3a5dae">
  <path d="M176 280 l0 -8 -8 0 -8 0 0 -8 0 -8 -8 0 -8 0 0 -8 0 -8 8 0 8 0 0 -24 0 -24 8 0 8 0 0 -8 0 -8 8 0 8 0 0 -8 0 -8 56 0 56 0 0 8 0 8 8 0 8 0 0 8 0 8 8 0 8 0 0 40 0 40 -8 0 -8 0 0 -24 0 -24 -8 0 -8 0 0 -8 0 -8 -8 0 -8 0 0 -8 0 -8 -8 0 -8 0 0 8 0 8 -8 0 -8 0 0 8 0 8 -8 0 -8 0 0 8 0 8 -8 0 -8 0 0 16 0 16 -8 0 -8 0 0 -16 0 -16 -8 0 -8 0 0 24 0 24 -8 0 -8 0 0 -8z"/>
 </g>
</svg>


---------