GLOWS

Green Glow base

<?xml version="1.0" encoding="utf-8"?>
<!DOCTYPE svg PUBLIC "-//W3C//DTD SVG 1.0//EN" "http://www.w3.org/TR/2001/REC-SVG-20010904/DTD/svg10.dtd">
<svg version="1.0" xmlns="http://www.w3.org/2000/svg" width="512px" height="512px" viewBox="0 0 512 512" preserveAspectRatio="xMidYMid meet">
 <g fill="#00ff00">
  <path d="M80 496 l0 -16 8 0 8 0 0 -8 0 -8 8 0 8 0 0 -8 0 -8 16 0 16 0 0 -8 0 -8 -8 0 -8 0 0 -8 0 -8 -8 0 -8 0 0 -8 0 -8 -8 0 -8 0 0 -40 0 -40 8 0 8 0 0 -8 0 -8 8 0 8 0 0 -8 0 -8 8 0 8 0 0 -8 0 -8 8 0 8 0 0 -48 0 -48 8 0 8 0 0 -8 0 -8 8 0 8 0 0 -8 0 -8 8 0 8 0 0 -8 0 -8 8 0 8 0 0 -8 0 -8 56 0 56 0 0 8 0 8 8 0 8 0 0 8 0 8 8 0 8 0 0 8 0 8 8 0 8 0 0 64 0 64 8 0 8 0 0 8 0 8 8 0 8 0 0 8 0 8 8 0 8 0 0 40 0 40 -8 0 -8 0 0 8 0 8 -8 0 -8 0 0 8 0 8 -8 0 -8 0 0 8 0 8 16 0 16 0 0 8 0 8 8 0 8 0 0 8 0 8 8 0 8 0 0 16 0 16 -8 0 -8 0 0 -16 0 -16 -8 0 -8 0 0 -8 0 -8 -16 0 -16 0 0 -8 0 -8 -8 0 -8 0 0 -8 0 -8 -8 0 -8 0 0 -8 0 -8 -8 0 -8 0 0 -8 0 -8 8 0 8 0 0 8 0 8 24 0 24 0 0 -8 0 -8 8 0 8 0 0 -40 0 -40 -8 0 -8 0 0 -8 0 -8 -8 0 -8 0 0 -8 0 -8 -8 0 -8 0 0 -64 0 -64 -8 0 -8 0 0 -8 0 -8 -8 0 -8 0 0 -8 0 -8 -56 0 -56 0 0 8 0 8 -8 0 -8 0 0 8 0 8 -8 0 -8 0 0 8 0 8 -8 0 -8 0 0 40 0 40 8 0 8 0 0 8 0 8 -16 0 -16 0 0 8 0 8 -8 0 -8 0 0 8 0 8 -8 0 -8 0 0 8 0 8 -8 0 -8 0 0 40 0 40 8 0 8 0 0 8 0 8 24 0 24 0 0 -8 0 -8 8 0 8 0 0 8 0 8 -8 0 -8 0 0 8 0 8 -8 0 -8 0 0 8 0 8 -8 0 -8 0 0 8 0 8 -16 0 -16 0 0 8 0 8 -8 0 -8 0 0 16 0 16 -8 0 -8 0 0 -16z"/>
  <path d="M240 488 l0 -24 8 0 8 0 0 -8 0 -8 8 0 8 0 0 8 0 8 8 0 8 0 0 24 0 24 -8 0 -8 0 0 -24 0 -24 -8 0 -8 0 0 24 0 24 -8 0 -8 0 0 -24z"/>
 </g>
</svg>


------------

Green glow 2

<?xml version="1.0" encoding="utf-8"?>
<!DOCTYPE svg PUBLIC "-//W3C//DTD SVG 1.0//EN" "http://www.w3.org/TR/2001/REC-SVG-20010904/DTD/svg10.dtd">
<svg version="1.0" xmlns="http://www.w3.org/2000/svg" width="512px" height="512px" viewBox="0 0 512 512" preserveAspectRatio="xMidYMid meet">
 <g fill="#00ff00">
  <path d="M80 496 l0 -16 8 0 8 0 0 -8 0 -8 8 0 8 0 0 -8 0 -8 16 0 16 0 0 -8 0 -8 -8 0 -8 0 0 -8 0 -8 -8 0 -8 0 0 -8 0 -8 -8 0 -8 0 0 -40 0 -40 8 0 8 0 0 -8 0 -8 8 0 8 0 0 -8 0 -8 8 0 8 0 0 -8 0 -8 8 0 8 0 0 -48 0 -48 8 0 8 0 0 -8 0 -8 8 0 8 0 0 -8 0 -8 8 0 8 0 0 -8 0 -8 8 0 8 0 0 -8 0 -8 56 0 56 0 0 8 0 8 8 0 8 0 0 8 0 8 8 0 8 0 0 8 0 8 8 0 8 0 0 8 0 8 8 0 8 0 0 24 0 24 -8 0 -8 0 0 32 0 32 8 0 8 0 0 8 0 8 8 0 8 0 0 8 0 8 8 0 8 0 0 40 0 40 -8 0 -8 0 0 8 0 8 -8 0 -8 0 0 8 0 8 -8 0 -8 0 0 8 0 8 16 0 16 0 0 8 0 8 8 0 8 0 0 8 0 8 8 0 8 0 0 16 0 16 -8 0 -8 0 0 -16 0 -16 -8 0 -8 0 0 -8 0 -8 -16 0 -16 0 0 -8 0 -8 -8 0 -8 0 0 -8 0 -8 -8 0 -8 0 0 -8 0 -8 -8 0 -8 0 0 -8 0 -8 8 0 8 0 0 8 0 8 24 0 24 0 0 -8 0 -8 8 0 8 0 0 -40 0 -40 -8 0 -8 0 0 -8 0 -8 -8 0 -8 0 0 -8 0 -8 -8 0 -8 0 0 -33.5 0 -33.5 6.5 0 6.5 0 0 -21 0 -21 -6.5 0 -6.5 0 0 -9.5 0 -9.5 -8 0 -8 0 0 -8 0 -8 -8 0 -8 0 0 -8 0 -8 -56 0 -56 0 0 8 0 8 -8 0 -8 0 0 8 0 8 -8 0 -8 0 0 8 0 8 -8 0 -8 0 0 24 c0 20.7 0.2 24 1.5 24 1.2 0 1.5 1.6 1.5 8 0 6.4 -0.3 8 -1.5 8 -1.2 0 -1.5 1.6 -1.5 8 l0 8 8 0 8 0 0 8 0 8 -16 0 -16 0 0 8 0 8 -8 0 -8 0 0 8 0 8 -8 0 -8 0 0 8 0 8 -8 0 -8 0 0 40 0 40 8 0 8 0 0 8 0 8 24 0 24 0 0 -8 0 -8 8 0 8 0 0 8 0 8 -8 0 -8 0 0 8 0 8 -8 0 -8 0 0 8 0 8 -8 0 -8 0 0 8 0 8 -16 0 -16 0 0 8 0 8 -8 0 -8 0 0 16 0 16 -8 0 -8 0 0 -16z"/>
  <path d="M240 488 l0 -24 8 0 8 0 0 -8 0 -8 8 0 8 0 0 8 0 8 8 0 8 0 0 24 0 24 -8 0 -8 0 0 -24 0 -24 -8 0 -8 0 0 24 0 24 -8 0 -8 0 0 -24z"/>
 </g>
 <g fill="#000001">
  <path d="M176 232 l0 -8 8 0 8 0 0 8 0 8 -8 0 -8 0 0 -8z"/>
  <path d="M368 200 l0 -24 8 0 8 0 0 24 0 24 -8 0 -8 0 0 -24z"/>
 </g>
</svg>


-------------


Fire Glow base


<?xml version="1.0" encoding="utf-8"?>
<!DOCTYPE svg PUBLIC "-//W3C//DTD SVG 1.0//EN" "http://www.w3.org/TR/2001/REC-SVG-20010904/DTD/svg10.dtd">
<svg version="1.0" xmlns="http://www.w3.org/2000/svg" width="512px" height="512px" viewBox="0 0 512 512" preserveAspectRatio="xMidYMid meet">
 <g fill="#f10700">
  <path d="M96 457.5 l0 -9.5 8 0 8 0 0 -8 0 -8 8 0 8 0 0 -8 0 -8 -16 0 -16 0 0 -8 0 -8 -8 0 -8 0 0 -16 0 -16 -8 0 -8 0 0 -24 0 -24 8 0 8 0 0 -8 0 -8 8 0 8 0 0 -8 0 -8 8 0 8 0 0 -8 0 -8 -8 0 -8 0 0 -8 0 -8 8 0 8 0 0 8 0 8 8 0 8 0 0 8 0 8 8 0 8 0 0 8 0 8 -8 0 c-6.4 0 -8 0.3 -8 1.5 0 0.8 -0.7 1.5 -1.5 1.5 -1.2 0 -1.5 -1.6 -1.5 -8 l0 -8 -5 0 -5 0 0 8 0 8 -8 0 -8 0 0 8 0 8 -8 0 -8 0 0 21 0 21 8 0 8 0 0 16 0 16 6.5 0 c5.1 0 6.5 0.3 6.5 1.5 0 1.2 1.6 1.5 8 1.5 l8 0 0 8 0 8 9.5 0 9.5 0 0 9.5 0 9.5 -8 0 -8 0 0 8 0 8 -8 0 -8 0 0 6.5 c0 5.1 -0.3 6.5 -1.5 6.5 -0.8 0 -1.5 0.7 -1.5 1.5 0 1.2 -1.6 1.5 -8 1.5 l-8 0 0 -9.5z"/>
  <path d="M416 465.5 c0 -0.8 -0.7 -1.5 -1.5 -1.5 -1.2 0 -1.5 -1.4 -1.5 -6.5 l0 -6.5 -8 0 -8 0 0 -8 0 -8 -8 0 -8 0 0 -9.5 0 -9.5 9.5 0 9.5 0 0 -8 0 -8 8 0 c6.4 0 8 -0.3 8 -1.5 0 -1.2 1.4 -1.5 6.5 -1.5 l6.5 0 0 -16 0 -16 8 0 8 0 0 -21 0 -21 -8 0 -8 0 0 -8 0 -8 -8 0 -8 0 0 -9.5 0 -9.5 9.5 0 9.5 0 0 8 0 8 8 0 8 0 0 8 0 8 8 0 8 0 0 24 0 24 -8 0 -8 0 0 16 0 16 -8 0 -8 0 0 8 0 8 -16 0 -16 0 0 8 0 8 8 0 8 0 0 8 0 8 8 0 8 0 0 9.5 0 9.5 -8 0 c-6.4 0 -8 -0.3 -8 -1.5z"/>
  <path d="M384 289.5 c0 -0.8 -0.7 -1.5 -1.5 -1.5 -1.2 0 -1.5 -1.7 -1.5 -9.5 l0 -9.5 8 0 8 0 0 -45 0 -45 -8 0 -8 0 0 -8 0 -8 -6.5 0 c-5.1 0 -6.5 -0.3 -6.5 -1.5 0 -0.8 -0.7 -1.5 -1.5 -1.5 -1.2 0 -1.5 -1.4 -1.5 -6.5 l0 -6.5 -6.5 0 c-5.1 0 -6.5 -0.3 -6.5 -1.5 0 -0.8 -0.7 -1.5 -1.5 -1.5 -1.2 0 -1.5 -1.4 -1.5 -6.5 l0 -6.5 -6.5 0 c-5.1 0 -6.5 -0.3 -6.5 -1.5 0 -0.8 -0.7 -1.5 -1.5 -1.5 -1.2 0 -1.5 -1.4 -1.5 -6.5 l0 -6.5 -8 0 -8 0 0 -8 0 -8 -8 0 -8 0 0 -8 0 -8 -13 0 -13 0 0 8 0 8 -19 0 -19 0 0 -8 0 -8 -5 0 -5 0 0 8 0 8 -8 0 -8 0 0 8 0 8 -8 0 -8 0 0 8 0 8 -8 0 -8 0 0 16 0 16 -8 0 -8 0 0 8 0 8 -8 0 -8 0 0 8 0 8 -8 0 -8 0 0 13 0 13 8 0 8 0 0 8 0 8 8 0 8 0 0 8 0 8 6.5 0 c5.1 0 6.5 0.3 6.5 1.5 0 0.8 0.7 1.5 1.5 1.5 1.2 0 1.5 1.6 1.5 8 l0 8 -9.5 0 -9.5 0 0 -8 0 -8 -8 0 -8 0 0 -8 0 -8 -8 0 -8 0 0 -8 0 -8 -8 0 -8 0 0 -8 0 -8 -8 0 -8 0 0 -16 0 -16 8 0 8 0 0 8 0 8 8 0 8 0 0 -8 0 -8 8 0 8 0 0 -8 0 -8 8 0 8 0 0 -8 0 -8 -8 0 -8 0 0 -8 0 -8 -8 0 -8 0 0 -8 0 -8 8 0 8 0 0 8 0 8 16 0 16 0 0 -8 0 -8 -8 0 -8 0 0 -16 0 -16 8 0 8 0 0 8 0 8 16 0 16 0 0 -8 0 -8 8 0 8 0 0 -8 0 -8 -8 0 -8 0 0 -8 0 -8 8 0 8 0 0 8 0 8 8 0 8 0 0 8 0 8 16 0 16 0 0 -8 0 -8 -8 0 -8 0 0 -8 0 -8 8 0 8 0 0 8 0 8 16 0 16 0 0 8 0 8 8 0 8 0 0 8 0 8 8 0 8 0 0 -8 0 -8 8 0 8 0 0 8 0 8 -8 0 -8 0 0 8 0 8 8 0 8 0 0 8 0 8 8 0 8 0 0 8 0 8 8 0 8 0 0 -8 0 -8 8 0 8 0 0 8 0 8 -8 0 -8 0 0 8 0 8 8 0 8 0 0 8 0 8 8 0 8 0 0 48 0 48 -8 0 -8 0 0 8 c0 6.4 0.3 8 1.5 8 0.8 0 1.5 0.7 1.5 1.5 0 1.2 -1.7 1.5 -9.5 1.5 -7.8 0 -9.5 -0.3 -9.5 -1.5z"/>
 </g>
 <g fill="#fa6406">
  <path d="M96 472 l0 -8 8 0 8 0 0 -8 0 -8 8 0 8 0 0 -8 0 -8 8 0 8 0 0 -8 0 -8 9.5 0 9.5 0 0 8 c0 6.4 -0.3 8 -1.5 8 -0.8 0 -1.5 0.7 -1.5 1.5 0 1.2 -1.4 1.5 -6.5 1.5 l-6.5 0 0 6.5 c0 5.1 -0.3 6.5 -1.5 6.5 -0.8 0 -1.5 0.7 -1.5 1.5 0 1.2 -1.4 1.5 -6.5 1.5 l-6.5 0 0 6.5 0 6.5 -9.5 0 -9.5 0 0 8 0 8 -8 0 -8 0 0 -8z"/>
  <path d="M416 472 l0 -8 -9.5 0 -9.5 0 0 -6.5 0 -6.5 -6.5 0 c-5.1 0 -6.5 -0.3 -6.5 -1.5 0 -0.8 -0.7 -1.5 -1.5 -1.5 -1.2 0 -1.5 -1.4 -1.5 -6.5 l0 -6.5 -6.5 0 c-5.1 0 -6.5 -0.3 -6.5 -1.5 0 -0.8 -0.7 -1.5 -1.5 -1.5 -1.2 0 -1.5 -1.6 -1.5 -8 l0 -8 9.5 0 9.5 0 0 8 0 8 8 0 8 0 0 8 0 8 8 0 8 0 0 8 0 8 8 0 8 0 0 8 0 8 -8 0 -8 0 0 -8z"/>
  <path d="M96 390.5 l0 -9.5 8 0 8 0 0 9.5 0 9.5 -8 0 -8 0 0 -9.5z"/>
  <path d="M416 390.5 l0 -9.5 8 0 8 0 0 9.5 0 9.5 -8 0 -8 0 0 -9.5z"/>
  <path d="M96 369.5 c0 -1.2 -1.6 -1.5 -8 -1.5 l-8 0 0 -24 0 -24 8 0 8 0 0 -8 0 -8 8 0 8 0 0 -8 0 -8 8 0 8 0 0 9.5 0 9.5 -6.5 0 -6.5 0 0 6.5 c0 5.1 -0.3 6.5 -1.5 6.5 -0.8 0 -1.5 0.7 -1.5 1.5 0 1.2 -1.4 1.5 -6.5 1.5 l-6.5 0 0 24 c0 20.7 -0.2 24 -1.5 24 -0.8 0 -1.5 -0.7 -1.5 -1.5z"/>
  <path d="M429 347 l0 -24 -6.5 0 c-5.1 0 -6.5 -0.3 -6.5 -1.5 0 -0.8 -0.7 -1.5 -1.5 -1.5 -1.2 0 -1.5 -1.4 -1.5 -6.5 l0 -6.5 -6.5 0 c-5.1 0 -6.5 -0.3 -6.5 -1.5 0 -1.2 -1.6 -1.5 -8 -1.5 l-8 0 0 -8 0 -8 -8 0 -8 0 0 -9.5 0 -9.5 6.5 0 6.5 0 0 -45 0 -45 -6.5 0 -6.5 0 0 -9.5 0 -9.5 -8 0 -8 0 0 -8 0 -8 -8 0 -8 0 0 -8 0 -8 -9.5 0 -9.5 0 0 -6.5 0 -6.5 -8 0 -8 0 0 -8 0 -8 -13 0 -13 0 0 8 0 8 -19 0 -19 0 0 -8 0 -8 -5 0 -5 0 0 8 0 8 -8 0 -8 0 0 8 0 8 -8 0 -8 0 0 14.5 c0 12.2 -0.2 14.5 -1.5 14.5 -0.8 0 -1.5 0.7 -1.5 1.5 0 1.2 -1.4 1.5 -6.5 1.5 l-6.5 0 0 6.5 c0 5.1 -0.3 6.5 -1.5 6.5 -0.8 0 -1.5 0.7 -1.5 1.5 0 1.2 -1.4 1.5 -6.5 1.5 l-6.5 0 0 29 0 29 6.5 0 6.5 0 0 9.5 0 9.5 8 0 8 0 0 8 0 8 -8 0 -8 0 0 -8 0 -8 -8 0 -8 0 0 -8 0 -8 -8 0 -8 0 0 -8 0 -8 -8 0 -8 0 0 -16 0 -16 8 0 8 0 0 -8 0 -8 8 0 8 0 0 -8 0 -8 8 0 8 0 0 -16 0 -16 8 0 8 0 0 -8 0 -8 8 0 8 0 0 -8 0 -8 8 0 8 0 0 -8 0 -8 8 0 8 0 0 8 0 8 16 0 16 0 0 -8 0 -8 16 0 16 0 0 8 0 8 8 0 8 0 0 8 0 8 8 0 8 0 0 8 0 8 8 0 8 0 0 8 0 8 8 0 8 0 0 8 0 8 8 0 8 0 0 8 0 8 8 0 8 0 0 48 0 48 -8 0 -8 0 0 8 0 8 16 0 16 0 0 8 0 8 8 0 8 0 0 8 0 8 8 0 8 0 0 24 0 24 -8 0 c-6.4 0 -8 0.3 -8 1.5 0 0.8 -0.7 1.5 -1.5 1.5 -1.3 0 -1.5 -3.3 -1.5 -24z"/>
 </g>
 <g fill="#fdd701">
  <path d="M128 456 l0 -8 8 0 8 0 0 -8 0 -8 8 0 8 0 0 -8 0 -8 8 0 8 0 0 -8 0 -8 8 0 8 0 0 8 0 8 -8 0 -8 0 0 8 0 8 -8 0 -8 0 0 8 0 8 -8 0 -8 0 0 8 0 8 -8 0 -8 0 0 -8z"/>
  <path d="M384 456 l0 -8 -8 0 -8 0 0 -8 0 -8 -8 0 -8 0 0 -8 0 -8 -8 0 -8 0 0 -8 0 -8 8 0 8 0 0 8 0 8 8 0 8 0 0 8 0 8 8 0 8 0 0 8 0 8 8 0 8 0 0 8 0 8 -8 0 -8 0 0 -8z"/>
  <path d="M96 352 l0 -32 8 0 8 0 0 -8 0 -8 8 0 8 0 0 8 0 8 -8 0 -8 0 0 32 0 32 -8 0 -8 0 0 -32z"/>
  <path d="M416 352 l0 -32 -8 0 -8 0 0 -8 0 -8 8 0 8 0 0 8 0 8 8 0 8 0 0 32 0 32 -8 0 -8 0 0 -32z"/>
  <path d="M368 224 l0 -48 8 0 8 0 0 48 0 48 -8 0 -8 0 0 -48z"/>
  <path d="M160 208 l0 -32 8 0 8 0 0 -8 0 -8 8 0 8 0 0 -16 0 -16 8 0 8 0 0 -8 0 -8 8 0 8 0 0 -8 0 -8 8 0 8 0 0 8 0 8 16 0 16 0 0 -8 0 -8 16 0 16 0 0 8 0 8 8 0 8 0 0 8 0 8 -48 0 -48 0 0 8 0 8 -8 0 -8 0 0 8 0 8 -8 0 -8 0 0 8 0 8 -8 0 -8 0 0 32 0 32 -8 0 -8 0 0 -32z"/>
 </g>
</svg>


---------------


fire glow 2


<?xml version="1.0" encoding="utf-8"?>
<!DOCTYPE svg PUBLIC "-//W3C//DTD SVG 1.0//EN" "http://www.w3.org/TR/2001/REC-SVG-20010904/DTD/svg10.dtd">
<svg version="1.0" xmlns="http://www.w3.org/2000/svg" width="512px" height="512px" viewBox="0 0 512 512" preserveAspectRatio="xMidYMid meet">
 <g fill="#f10700">
  <path d="M96 457.5 l0 -9.5 8 0 8 0 0 -8 0 -8 8 0 8 0 0 -8 0 -8 -16 0 -16 0 0 -8 0 -8 -8 0 -8 0 0 -16 0 -16 -8 0 -8 0 0 -24 0 -24 8 0 8 0 0 -8 0 -8 8 0 8 0 0 -8 0 -8 8 0 8 0 0 -8 0 -8 -8 0 -8 0 0 -8 0 -8 8 0 8 0 0 8 0 8 8 0 8 0 0 8 0 8 8 0 8 0 0 8 0 8 -8 0 c-6.4 0 -8 0.3 -8 1.5 0 0.8 -0.7 1.5 -1.5 1.5 -1.2 0 -1.5 -1.6 -1.5 -8 l0 -8 -5 0 -5 0 0 8 0 8 -8 0 -8 0 0 8 0 8 -8 0 -8 0 0 21 0 21 8 0 8 0 0 16 0 16 6.5 0 c5.1 0 6.5 0.3 6.5 1.5 0 1.2 1.6 1.5 8 1.5 l8 0 0 8 0 8 9.5 0 9.5 0 0 9.5 0 9.5 -8 0 -8 0 0 8 0 8 -8 0 -8 0 0 6.5 c0 5.1 -0.3 6.5 -1.5 6.5 -0.8 0 -1.5 0.7 -1.5 1.5 0 1.2 -1.6 1.5 -8 1.5 l-8 0 0 -9.5z"/>
  <path d="M416 465.5 c0 -0.8 -0.7 -1.5 -1.5 -1.5 -1.2 0 -1.5 -1.4 -1.5 -6.5 l0 -6.5 -8 0 -8 0 0 -8 0 -8 -8 0 -8 0 0 -9.5 0 -9.5 9.5 0 9.5 0 0 -8 0 -8 8 0 c6.4 0 8 -0.3 8 -1.5 0 -1.2 1.4 -1.5 6.5 -1.5 l6.5 0 0 -16 0 -16 8 0 8 0 0 -21 0 -21 -8 0 -8 0 0 -8 0 -8 -8 0 -8 0 0 -9.5 0 -9.5 9.5 0 9.5 0 0 8 0 8 8 0 8 0 0 8 0 8 8 0 8 0 0 24 0 24 -8 0 -8 0 0 16 0 16 -8 0 -8 0 0 8 0 8 -16 0 -16 0 0 8 0 8 8 0 8 0 0 8 0 8 8 0 8 0 0 9.5 0 9.5 -8 0 c-6.4 0 -8 -0.3 -8 -1.5z"/>
  <path d="M384 289.5 c0 -0.8 -0.7 -1.5 -1.5 -1.5 -1.2 0 -1.5 -1.7 -1.5 -9.5 l0 -9.5 8 0 8 0 0 -45 0 -45 -8 0 -8 0 0 -8 0 -8 -6.5 0 c-5.1 0 -6.5 -0.3 -6.5 -1.5 0 -0.8 -0.7 -1.5 -1.5 -1.5 -1.2 0 -1.5 -1.4 -1.5 -6.5 l0 -6.5 -6.5 0 c-5.1 0 -6.5 -0.3 -6.5 -1.5 0 -0.8 -0.7 -1.5 -1.5 -1.5 -1.2 0 -1.5 -1.4 -1.5 -6.5 l0 -6.5 -6.5 0 c-5.1 0 -6.5 -0.3 -6.5 -1.5 0 -0.8 -0.7 -1.5 -1.5 -1.5 -1.2 0 -1.5 -1.4 -1.5 -6.5 l0 -6.5 -8 0 -8 0 0 -8 0 -8 -8 0 -8 0 0 -8 0 -8 -13 0 -13 0 0 8 0 8 -19 0 -19 0 0 -8 0 -8 -5 0 -5 0 0 8 0 8 -8 0 -8 0 0 8 0 8 -8 0 -8 0 0 8 0 8 -8 0 -8 0 0 16 0 16 -8 0 -8 0 0 8 0 8 -8 0 -8 0 0 8 0 8 -8 0 -8 0 0 13 0 13 8 0 8 0 0 8 0 8 8 0 8 0 0 8 0 8 6.5 0 c5.1 0 6.5 0.3 6.5 1.5 0 0.8 0.7 1.5 1.5 1.5 1.2 0 1.5 1.6 1.5 8 l0 8 -9.5 0 -9.5 0 0 -8 0 -8 -8 0 -8 0 0 -8 0 -8 -8 0 -8 0 0 -8 0 -8 -8 0 -8 0 0 -8 0 -8 -8 0 -8 0 0 -16 0 -16 8 0 8 0 0 8 0 8 8 0 8 0 0 -8 0 -8 8 0 8 0 0 -8 0 -8 8 0 8 0 0 -8 0 -8 -8 0 -8 0 0 -8 0 -8 -8 0 -8 0 0 -8 0 -8 8 0 8 0 0 8 0 8 16 0 16 0 0 -8 0 -8 -8 0 -8 0 0 -16 0 -16 8 0 8 0 0 8 0 8 16 0 16 0 0 -8 0 -8 8 0 8 0 0 -8 0 -8 -8 0 -8 0 0 -8 0 -8 8 0 8 0 0 8 0 8 8 0 8 0 0 8 0 8 16 0 16 0 0 -8 0 -8 -8 0 -8 0 0 -8 0 -8 8 0 8 0 0 8 0 8 16 0 16 0 0 8 0 8 8 0 8 0 0 8 0 8 8 0 8 0 0 -8 0 -8 8 0 8 0 0 8 0 8 -8 0 -8 0 0 8 0 8 8 0 8 0 0 8 0 8 8 0 8 0 0 8 0 8 8 0 8 0 0 -8 0 -8 8 0 8 0 0 8 0 8 -8 0 -8 0 0 8 0 8 8 0 8 0 0 8 0 8 8 0 8 0 0 48 0 48 -8 0 -8 0 0 8 c0 6.4 0.3 8 1.5 8 0.8 0 1.5 0.7 1.5 1.5 0 1.2 -1.7 1.5 -9.5 1.5 -7.8 0 -9.5 -0.3 -9.5 -1.5z"/>
 </g>
 <g fill="#fa6406">
  <path d="M96 472 l0 -8 8 0 8 0 0 -8 0 -8 8 0 8 0 0 -8 0 -8 8 0 8 0 0 -8 0 -8 9.5 0 9.5 0 0 8 c0 6.4 -0.3 8 -1.5 8 -0.8 0 -1.5 0.7 -1.5 1.5 0 1.2 -1.4 1.5 -6.5 1.5 l-6.5 0 0 6.5 c0 5.1 -0.3 6.5 -1.5 6.5 -0.8 0 -1.5 0.7 -1.5 1.5 0 1.2 -1.4 1.5 -6.5 1.5 l-6.5 0 0 6.5 0 6.5 -9.5 0 -9.5 0 0 8 0 8 -8 0 -8 0 0 -8z"/>
  <path d="M416 472 l0 -8 -9.5 0 -9.5 0 0 -6.5 0 -6.5 -6.5 0 c-5.1 0 -6.5 -0.3 -6.5 -1.5 0 -0.8 -0.7 -1.5 -1.5 -1.5 -1.2 0 -1.5 -1.4 -1.5 -6.5 l0 -6.5 -6.5 0 c-5.1 0 -6.5 -0.3 -6.5 -1.5 0 -0.8 -0.7 -1.5 -1.5 -1.5 -1.2 0 -1.5 -1.6 -1.5 -8 l0 -8 9.5 0 9.5 0 0 8 0 8 8 0 8 0 0 8 0 8 8 0 8 0 0 8 0 8 8 0 8 0 0 8 0 8 -8 0 -8 0 0 -8z"/>
  <path d="M96 390.5 l0 -9.5 8 0 8 0 0 9.5 0 9.5 -8 0 -8 0 0 -9.5z"/>
  <path d="M416 390.5 l0 -9.5 8 0 8 0 0 9.5 0 9.5 -8 0 -8 0 0 -9.5z"/>
  <path d="M96 369.5 c0 -1.2 -1.6 -1.5 -8 -1.5 l-8 0 0 -24 0 -24 8 0 8 0 0 -8 0 -8 8 0 8 0 0 -8 0 -8 8 0 8 0 0 9.5 0 9.5 -6.5 0 -6.5 0 0 6.5 c0 5.1 -0.3 6.5 -1.5 6.5 -0.8 0 -1.5 0.7 -1.5 1.5 0 1.2 -1.4 1.5 -6.5 1.5 l-6.5 0 0 24 c0 20.7 -0.2 24 -1.5 24 -0.8 0 -1.5 -0.7 -1.5 -1.5z"/>
  <path d="M429 347 l0 -24 -6.5 0 c-5.1 0 -6.5 -0.3 -6.5 -1.5 0 -0.8 -0.7 -1.5 -1.5 -1.5 -1.2 0 -1.5 -1.4 -1.5 -6.5 l0 -6.5 -6.5 0 c-5.1 0 -6.5 -0.3 -6.5 -1.5 0 -1.2 -1.6 -1.5 -8 -1.5 l-8 0 0 -8 0 -8 -8 0 -8 0 0 -9.5 0 -9.5 6.5 0 6.5 0 0 -24 0 -24 9.5 0 9.5 0 0 25.5 0 25.5 -8 0 -8 0 0 8 0 8 16 0 16 0 0 8 0 8 8 0 8 0 0 8 0 8 8 0 8 0 0 24 0 24 -8 0 c-6.4 0 -8 0.3 -8 1.5 0 0.8 -0.7 1.5 -1.5 1.5 -1.3 0 -1.5 -3.3 -1.5 -24z"/>
  <path d="M176 264 l0 -8 -8 0 -8 0 0 -8 0 -8 -8 0 -8 0 0 -8 0 -8 -8 0 -8 0 0 -16 0 -16 8 0 8 0 0 -8 0 -8 8 0 8 0 0 -8 0 -8 8 0 8 0 0 -16 0 -16 8 0 8 0 0 -8 0 -8 8 0 8 0 0 -8 0 -8 8 0 8 0 0 -8 0 -8 8 0 8 0 0 8 0 8 16 0 16 0 0 -8 0 -8 16 0 16 0 0 8 0 8 8 0 8 0 0 8 0 8 8 0 8 0 0 8 0 8 8 0 8 0 0 8 0 8 8 0 8 0 0 8 0 8 8 0 8 0 0 8 c0 6.4 0.3 8 1.5 8 0.8 0 1.5 0.7 1.5 1.5 0 1.2 -1.7 1.5 -9.5 1.5 l-9.5 0 0 -9.5 0 -9.5 -8 0 -8 0 0 -8 0 -8 -8 0 -8 0 0 -8 0 -8 -9.5 0 -9.5 0 0 -6.5 0 -6.5 -8 0 -8 0 0 -8 0 -8 -13 0 -13 0 0 8 0 8 -19 0 -19 0 0 -8 0 -8 -5 0 -5 0 0 8 0 8 -8 0 -8 0 0 8 0 8 -8 0 -8 0 0 14.5 c0 12.2 -0.2 14.5 -1.5 14.5 -0.8 0 -1.5 0.7 -1.5 1.5 0 1.2 -1.4 1.5 -6.5 1.5 l-6.5 0 0 6.5 c0 5.1 -0.3 6.5 -1.5 6.5 -0.8 0 -1.5 0.7 -1.5 1.5 0 1.2 -1.4 1.5 -6.5 1.5 l-6.5 0 0 29 0 29 8 0 c6.4 0 8 0.3 8 1.5 0 0.8 -0.7 1.5 -1.5 1.5 -1.2 0 -1.5 1.6 -1.5 8 l0 8 8 0 8 0 0 8 0 8 -8 0 -8 0 0 -8z"/>
 </g>
 <g fill="#fdd701">
  <path d="M128 456 l0 -8 8 0 8 0 0 -8 0 -8 8 0 8 0 0 -8 0 -8 8 0 8 0 0 -8 0 -8 8 0 8 0 0 8 0 8 -8 0 -8 0 0 8 0 8 -8 0 -8 0 0 8 0 8 -8 0 -8 0 0 8 0 8 -8 0 -8 0 0 -8z"/>
  <path d="M384 456 l0 -8 -8 0 -8 0 0 -8 0 -8 -8 0 -8 0 0 -8 0 -8 -8 0 -8 0 0 -8 0 -8 8 0 8 0 0 8 0 8 8 0 8 0 0 8 0 8 8 0 8 0 0 8 0 8 8 0 8 0 0 8 0 8 -8 0 -8 0 0 -8z"/>
  <path d="M96 352 l0 -32 8 0 8 0 0 -8 0 -8 8 0 8 0 0 8 0 8 -8 0 -8 0 0 32 0 32 -8 0 -8 0 0 -32z"/>
  <path d="M416 352 l0 -32 -8 0 -8 0 0 -8 0 -8 8 0 8 0 0 8 0 8 8 0 8 0 0 32 0 32 -8 0 -8 0 0 -32z"/>
  <path d="M368 246.5 l0 -25.5 9.5 0 c7.8 0 9.5 0.3 9.5 1.5 0 0.8 -0.7 1.5 -1.5 1.5 -1.3 0 -1.5 3.3 -1.5 24 l0 24 -8 0 -8 0 0 -25.5z"/>
  <path d="M160 208 l0 -32 8 0 8 0 0 -8 0 -8 8 0 8 0 0 -16 0 -16 8 0 8 0 0 -8 0 -8 8 0 8 0 0 -8 0 -8 8 0 8 0 0 8 0 8 16 0 16 0 0 -8 0 -8 16 0 16 0 0 8 0 8 8 0 8 0 0 8 0 8 -48 0 -48 0 0 8 0 8 -8 0 -8 0 0 8 0 8 -8 0 -8 0 0 8 0 8 -8 0 -8 0 0 24 c0 20.7 0.2 24 1.5 24 1.2 0 1.5 1.6 1.5 8 l0 8 -9.5 0 -9.5 0 0 -32z"/>
 </g>
 <g fill="#000001">
  <path d="M176 232 l0 -8 8 0 8 0 0 8 0 8 -8 0 -8 0 0 -8z"/>
  <path d="M368 200 l0 -24 9.5 0 9.5 0 0 24 0 24 -9.5 0 -9.5 0 0 -24z"/>
 </g>
 <g fill="#e3f51d">
  <path d="M384 200 l0 -24 8 0 8 0 0 24 0 24 -8 0 -8 0 0 -24z"/>
 </g>
</svg>