Headwear


backwards single


<?xml version="1.0" encoding="utf-8"?>
<!DOCTYPE svg PUBLIC "-//W3C//DTD SVG 1.0//EN" "http://www.w3.org/TR/2001/REC-SVG-20010904/DTD/svg10.dtd">
<svg version="1.0" xmlns="http://www.w3.org/2000/svg" width="512px" height="512px" viewBox="0 0 512 512" preserveAspectRatio="xMidYMid meet">
 <g fill="#000000">
  <path d="M144 216 l0 -8 -8 0 -8 0 0 -8 0 -8 8 0 8 0 0 -8 0 -8 16 0 16 0 0 -8 0 -8 8 0 8 0 0 -8 0 -8 8 0 8 0 0 -8 0 -8 64 0 64 0 0 8 0 8 8 0 8 0 0 9.5 0 9.6 -9.2 -0.3 -9.3 -0.3 -0.3 -7.7 -0.3 -7.8 -60.9 0 -61 0 0 8 0 8 -8 0 -8 0 0 16 0 16 -24 0 -24 0 0 5 0 5 16 0 c13.6 0 16 0.2 16 1.5 0 0.8 -0.7 1.5 -1.5 1.5 -1.2 0 -1.5 1.6 -1.5 8 l0 8 -16 0 -16 0 0 -8z"/>
 </g>
 <g fill="#b9f2ff">
  <path d="M144 200 l0 -8 24 0 24 0 0 -16 0 -16 8 0 8 0 0 -8 0 -8 64 0 63.9 0 0.3 7.8 0.3 7.7 7.8 0.3 7.7 0.3 0 23.9 0 24 -104 0 -104 0 0 -8z m192 -8 l0 -8 -16 0 -16 0 0 8 0 8 16 0 16 0 0 -8z"/>
 </g>
</svg>


----------


backwards multi

<?xml version="1.0" encoding="utf-8"?>
<!DOCTYPE svg PUBLIC "-//W3C//DTD SVG 1.0//EN" "http://www.w3.org/TR/2001/REC-SVG-20010904/DTD/svg10.dtd">
<svg version="1.0" xmlns="http://www.w3.org/2000/svg" width="512px" height="512px" viewBox="0 0 512 512" preserveAspectRatio="xMidYMid meet">
 <g fill="#000000">
  <path d="M144 216 l0 -8 -8 0 -8 0 0 -8 0 -8 8 0 8 0 0 -8 0 -8 16 0 16 0 0 -8 0 -8 8 0 8 0 0 -8 0 -8 8 0 8 0 0 -8 0 -8 64 0 64 0 0 8 0 8 8 0 8 0 0 9.5 0 9.5 -9.5 0 -9.5 0 0 -8 0 -8 -61 0 -61 0 0 8 0 8 -8 0 -8 0 0 16 0 16 -24 0 -24 0 0 5 0 5 16 0 c13.6 0 16 0.2 16 1.5 0 0.8 -0.7 1.5 -1.5 1.5 -1.2 0 -1.5 1.6 -1.5 8 l0 8 -16 0 -16 0 0 -8z"/>
 </g>
 <g fill="#dd1400">
  <path d="M144 200 l0 -8 24 0 c20.7 0 24 -0.2 24 -1.5 0 -0.8 0.7 -1.5 1.5 -1.5 1.2 0 1.5 1.7 1.5 9.5 l0 9.5 -25.5 0 -25.5 0 0 -8z"/>
 </g>
 <g fill="#3341c7">
  <path d="M192 184 l0 -24 8 0 8 0 0 -8 0 -8 64 0 64 0 0 8 0 8 8 0 8 0 0 24 0 24 -80 0 -80 0 0 -24z m144 8 l0 -8 -16 0 -16 0 0 8 0 8 16 0 16 0 0 -8z"/>
 </g>
</svg>



------------------


cowboy


<?xml version="1.0" encoding="utf-8"?>
<!DOCTYPE svg PUBLIC "-//W3C//DTD SVG 1.0//EN" "http://www.w3.org/TR/2001/REC-SVG-20010904/DTD/svg10.dtd">
<svg version="1.0" xmlns="http://www.w3.org/2000/svg" width="512px" height="512px" viewBox="0 0 512 512" preserveAspectRatio="xMidYMid meet">
 <g fill="#000000">
  <path d="M144 216 l0 -8 -8 0 -8 0 0 -8 0 -8 -8 0 -8 0 0 -8 0 -8 8 0 8 0 0 -8 0 -8 24 0 24 0 0 -16 0 -16 8 0 8 0 0 -8 0 -8 8 0 8 0 0 -8 0 -8 64 0 64 0 0 8 0 8 8 0 8 0 0 8 0 8 8 0 8 0 0 16 0 16 16 0 16 0 0 8 0 8 8 0 8 0 0 8 0 8 8 0 8 0 0 8 0 8 -8 0 -8 0 0 8 0 8 -24 0 -24 0 0 -8 0 -8 -9.5 0 -9.5 0 0 -38.5 0 -38.5 -8 0 -8 0 0 -8 0 -8 -61 0 -61 0 0 8 0 8 -8 0 -8 0 0 21 0 21 24 0 24 0 0 8 0 8 8 0 8 0 0 9.5 0 9.5 -11 0 -11 0 0 -6.5 0 -6.5 -24 0 -24 0 0 -8 0 -8 -29 0 -29 0 0 5 0 5 8 0 8 0 0 8 0 8 16 0 c13.6 0 16 0.2 16 1.5 0 0.8 -0.7 1.5 -1.5 1.5 -1.2 0 -1.5 1.6 -1.5 8 l0 8 -16 0 -16 0 0 -8z m269 -16 l0 -5 -8 0 -8 0 0 -8 0 -8 -13 0 -13 0 0 13 0 13 21 0 21 0 0 -5z"/>
 </g>
 <g fill="#6a4e32">
  <path d="M144 200 l0 -8 -8 0 -8 0 0 -8 0 -8 32 0 32 0 0 -24 0 -24 8 0 8 0 0 -8 0 -8 64 0 64 0 0 8 0 8 8 0 8 0 0 40 0 40 -48 0 -48 0 0 -8 0 -8 -8 0 -8 0 0 8 0 8 -48 0 -48 0 0 -8z m96 -16 l0 -8 -24 0 -24 0 0 8 0 8 24 0 24 0 0 -8z"/>
  <path d="M368 192 l0 -16 16 0 16 0 0 8 0 8 8 0 8 0 0 8 0 8 -24 0 -24 0 0 -16z"/>
 </g>
</svg>



-------------

wizard

<?xml version="1.0" encoding="utf-8"?>
<!DOCTYPE svg PUBLIC "-//W3C//DTD SVG 1.0//EN" "http://www.w3.org/TR/2001/REC-SVG-20010904/DTD/svg10.dtd">
<svg version="1.0" xmlns="http://www.w3.org/2000/svg" width="512px" height="512px" viewBox="0 0 512 512" preserveAspectRatio="xMidYMid meet">
 <g fill="#000000">
  <path d="M128 200 l0 -8 -8 0 -8 0 0 -8 0 -8 8 0 8 0 0 -8 0 -8 24 0 24 0 0 -8 0 -8 8 0 8 0 0 -8 0 -8 -24 0 -24 0 0 -16 0 -16 8 0 8 0 0 -8 0 -8 8 0 8 0 0 -8 0 -8 56 0 56 0 0 8 0 8 16 0 16 0 0 8 0 8 8 0 8 0 0 8 0 8 8 0 8 0 0 8 0 8 8 0 8 0 0 16 0 16 24 0 24 0 0 8 0 8 8 0 8 0 0 8 0 8 -8 0 -8 0 0 8 0 8 -24 0 -24 0 0 -8 c0 -6.4 -0.3 -8 -1.5 -8 -0.8 0 -1.5 -0.7 -1.5 -1.5 0 -1.3 3.3 -1.5 24 -1.5 l24 0 0 -5 0 -5 -32 0 -32 0 0 -24 0 -24 -8 0 -8 0 0 -8 0 -8 -8 0 -8 0 0 -8 0 -8 -16 0 -16 0 0 -8 0 -8 -53 0 -53 0 0 8 0 8 -8 0 -8 0 0 5 0 5 16 0 16 0 0 8 0 8 8 0 8 0 0 11 0 11 -8 0 -8 0 0 16 0 16 -32 0 -32 0 0 5 0 5 24 0 c20.7 0 24 0.2 24 1.5 0 0.8 -0.7 1.5 -1.5 1.5 -1.2 0 -1.5 1.6 -1.5 8 l0 8 -24 0 -24 0 0 -8z"/>
 </g>
 <g fill="#221a9a">
  <path d="M128 184 l0 -8 32 0 c27.8 0 32 -0.2 32 -1.5 0 -1.3 9.6 -1.5 80 -1.5 70.4 0 80 0.2 80 1.5 0 1.3 4.2 1.5 32 1.5 l32 0 0 8 0 8 -144 0 -144 0 0 -8z"/>
  <path d="M205 145.5 c0 -0.8 0.7 -1.5 1.5 -1.5 1.2 0 1.5 -1.6 1.5 -8 l0 -8 -8 0 -8 0 0 -8 0 -8 -16 0 -16 0 0 -8 0 -8 8 0 8 0 0 -8 0 -8 56 0 56 0 0 8 0 8 16 0 16 0 0 8 0 8 8 0 8 0 0 8 0 8 8 0 8 0 0 9.5 0 9.5 -73.5 0 c-64.7 0 -73.5 -0.2 -73.5 -1.5z"/>
 </g>
 <g fill="#946b2d">
  <path d="M192 160 l0 -16 80 0 80 0 0 16 0 16 -80 0 -80 0 0 -16z"/>
 </g>
</svg>

