RARE MISC


Parrot

<?xml version="1.0" encoding="utf-8"?>
<!DOCTYPE svg PUBLIC "-//W3C//DTD SVG 1.0//EN" "http://www.w3.org/TR/2001/REC-SVG-20010904/DTD/svg10.dtd">
<svg version="1.0" xmlns="http://www.w3.org/2000/svg" width="512px" height="512px" viewBox="0 0 512 512" preserveAspectRatio="xMidYMid meet">
 <g fill="#000000">
  <path d="M399 216 l0 -7 7 0 7 0 0 7 0 7 -7 0 -7 0 0 -7z"/>
 </g>
 <g fill="#5e8822">
  <path d="M368 256 l0 -32 8 0 8 0 0 -8 0 -8 16 0 16 0 0 5.5 c0 4.2 0.3 5.5 1.5 5.5 1.2 0 1.5 1.6 1.5 8 0 6.4 -0.3 8 -1.5 8 -0.9 0 -1.5 0.9 -1.5 2.5 0 2.5 -0.1 2.5 -8 2.5 l-8 0 0 16 0 16 -8 0 -8 0 0 8 0 8 -8 0 -8 0 0 -32z m42 -40 l0 -4 -4 0 -4 0 0 4 0 4 4 0 4 0 0 -4z"/>
 </g>
 <g fill="#efa027">
  <path d="M416 227 l0 -8 8 0 8 0 0 8 0 8 -8 0 -8 0 0 -8z"/>
 </g>
</svg>


---------------



Nat man head

<?xml version="1.0" encoding="utf-8"?>
<!DOCTYPE svg PUBLIC "-//W3C//DTD SVG 1.0//EN" "http://www.w3.org/TR/2001/REC-SVG-20010904/DTD/svg10.dtd">
<svg version="1.0" xmlns="http://www.w3.org/2000/svg" width="512px" height="512px" viewBox="0 0 512 512" preserveAspectRatio="xMidYMid meet">
 <g fill="#000000">
  <path d="M240 312 l0 -8 -8 0 -8 0 0 -8 0 -8 -8 0 -8 0 0 -8 0 -8 -8 0 -8 0 0 -8 0 -8 -8 0 -8 0 0 -64 0 -64 8 0 8 0 0 -8 0 -8 8 0 8 0 0 8 0 8 8 0 8 0 0 8 0 8 40 0 40 0 0 -8 0 -8 8 0 8 0 0 -8 0 -8 8 0 8 0 0 8 0 8 8 0 8 0 0 8 0 8 8 0 8 0 0 72 0 72 -16 0 -16 0 0 8 0 8 -8 0 -8 0 0 8 0 8 -40 0 -40 0 0 -8z m77 -19 l0 -8 8 0 8 0 0 -8 0 -8 8 0 8 0 0 -61 0 -61 -8 0 -8 0 0 -8 0 -8 -5 0 -5 0 0 16 0 16 -51 0 -51 0 0 -8 0 -8 -8 0 -8 0 0 -8 0 -8 -5 0 -5 0 0 61 0 61 8 0 8 0 0 8 0 8 8 0 8 0 0 8 0 8 8 0 8 0 0 8 0 8 37 0 37 0 0 -8z"/>
  <path d="M253 280 l0 -11 27 0 27 0 0 11 0 11 -27 0 -27 0 0 -11z"/>
 </g>
 <g fill="#26365d">
  <path d="M240 289.5 c0 -1.2 -1.6 -1.5 -8 -1.5 l-8 0 0 -8 0 -8 -8 0 -8 0 0 -8 0 -8 -8 0 -8 0 0 -64 0 -64 8 0 8 0 0 8 0 8 8 0 8 0 0 8 0 8 48 0 48 0 0 -16 0 -16 8 0 8 0 0 8 0 8 8 0 8 0 0 41.5 0 41.5 -6.5 0 -6.5 0 0 8 0 8 -8 0 -8 0 0 8 0 8 -11 0 -11 0 0 -8 0 -8 -8 0 -8 0 0 -8 0 -8 -13 0 -13 0 0 16 0 16 -8 0 -8 0 0 16 c0 13.6 -0.2 16 -1.5 16 -0.8 0 -1.5 -0.7 -1.5 -1.5z"/>
 </g>
 <g fill="#fddebd">
  <path d="M240 280 l0 -24 8 0 c6.4 0 8 -0.3 8 -1.5 0 -1.3 3.3 -1.5 24 -1.5 20.7 0 24 0.2 24 1.5 0 1.2 1.6 1.5 8 1.5 6.4 0 8 -0.3 8 -1.5 0 -1.3 2.4 -1.5 16 -1.5 l16 0 0 9.5 0 9.5 -8 0 -8 0 0 8 0 8 -8 0 -8 0 0 8 0 8 -40 0 -40 0 0 -24z m64 0 l0 -8 -24 0 -24 0 0 8 0 8 24 0 24 0 0 -8z"/>
 </g>
 <g fill="#ffffff">
  <path d="M256 240 l0 -16 16 0 16 0 0 8 0 8 8 0 8 0 0 8 0 8 -24 0 -24 0 0 -16z"/>
  <path d="M320 248 l0 -8 8 0 8 0 0 -8 0 -8 8 0 8 0 0 16 0 16 -16 0 -16 0 0 -8z"/>
 </g>
</svg>


--------------


natman body


<?xml version="1.0" encoding="utf-8"?>
<!DOCTYPE svg PUBLIC "-//W3C//DTD SVG 1.0//EN" "http://www.w3.org/TR/2001/REC-SVG-20010904/DTD/svg10.dtd">
<svg version="1.0" xmlns="http://www.w3.org/2000/svg" width="512px" height="512px" viewBox="0 0 512 512" preserveAspectRatio="xMidYMid meet">
 <g fill="#000000">
  <path d="M95.8 496 l0.3 -16 7.9 0 8 0 0 -48 c0 -42 -0.2 -48 -1.5 -48 -1.3 0 -1.5 -3.3 -1.5 -24 0 -20.7 0.2 -24 1.5 -24 1.2 0 1.5 -1.6 1.5 -8 l0 -7.9 7.8 -0.3 7.7 -0.3 0.3 -15.7 0.3 -15.8 7.9 0 8 0 0 -8 0 -8 40 0 40 0 0 8 0 8 8 0 8 0 0 8 0 8 40 0 40 0 0 -8 0 -8 8 0 8 0 0 -8 0 -8 24 0 24 0 0 8 0 8 8 0 8 0 0 16 0 16 8 0 8 0 0 8 c0 6.4 0.3 8 1.5 8 1.3 0 1.5 3.3 1.5 24 0 20.7 -0.2 24 -1.5 24 -1.3 0 -1.5 6 -1.5 48 l0 48 8 0 8 0 0 16 0 16 -168.2 0 -168.3 0 0.3 -16z m125.2 -19 l0 -16 8 0 8 0 0 -8 0 -8 8 0 8 0 0 -8 0 -8 11 0 11 0 0 8 0 8 8 0 8 0 0 8 0 8 8 0 8 0 0 16 0 16 53 0 53 0 0 -5 0 -5 -16 0 -16 0 0 -8 0 -8 -8 0 -8 0 0 -8 0 -8 -8 0 -8 0 0 -8 0 -8 -8 0 -8 0 0 -8 0 -8 -8 0 -8 0 0 -48 0 -48 -40 0 -40 0 0 -8 0 -8 -8 0 -8 0 0 -8 0 -8 -37 0 -37 0 0 16 0 16 -8 0 -8 0 0 37 0 37 21 0 21 0 0 -32 0 -32 8 0 8 0 0 -8 0 -8 11 0 11 0 0 51 0 51 -8 0 -8 0 0 8 0 8 -8 0 -8 0 0 8 0 8 -8 0 -8 0 0 8 0 8 -8 0 -8 0 0 8 0 8 -16 0 -16 0 0 5 0 5 53 0 53 0 0 -16z m64 3 l0 -13 -8 0 -8 0 0 -8 0 -8 -5 0 -5 0 0 8 0 8 -8 0 -8 0 0 13 0 13 21 0 21 0 0 -13z m-144 -27 l0 -8 8 0 8 0 0 -8 0 -8 8 0 8 0 0 -5 0 -5 -21 0 -21 0 0 21 0 21 5 0 5 0 0 -8z m256 -13 l0 -21 -21 0 -21 0 0 5 0 5 8 0 8 0 0 8 0 8 8 0 8 0 0 8 0 8 5 0 5 0 0 -21z m-208 -32 l0 -5 -5 0 -5 0 0 5 0 5 5 0 5 0 0 -5z m160 0 l0 -5 -5 0 -5 0 0 5 0 5 5 0 5 0 0 -5z m48 -48 l0 -37 -8 0 -8 0 0 -16 0 -16 -21 0 -21 0 0 8 0 8 -8 0 -8 0 0 5 0 5 8 0 8 0 0 8 0 8 8 0 8 0 0 32 0 32 21 0 21 0 0 -37z"/>
 </g>
 <g fill="#24335f">
  <path d="M112 488 l0 -8 16 0 16 0 0 -8 0 -8 -8 0 -8 0 0 -24 0 -24 24 0 24 0 0 -8 0 -8 -24 0 -24 0 0 -33.5 0 -33.5 17.5 0 17.5 0 0 8 0 8 6.5 0 6.5 0 0 25.5 0 25.5 8 0 8 0 0 8 c0 6.4 0.3 8 1.5 8 0.8 0 1.5 0.7 1.5 1.5 0 0.8 -0.7 1.5 -1.5 1.5 -0.8 0 -1.5 -0.7 -1.5 -1.5 0 -1.2 -1.6 -1.5 -8 -1.5 l-8 0 0 8 c0 6.4 0.3 8 1.5 8 0.8 0 1.5 0.7 1.5 1.5 0 0.8 -0.7 1.5 -1.5 1.5 -0.8 0 -1.5 -0.7 -1.5 -1.5 0 -1.2 -1.6 -1.5 -8 -1.5 l-8 0 0 8 0 8 8 0 c6.4 0 8 -0.3 8 -1.5 0 -1.2 1.7 -1.5 9.5 -1.5 l9.5 0 0 8 0 8 16 0 c13.6 0 16 0.2 16 1.5 0 0.8 -0.7 1.5 -1.5 1.5 -1.3 0 -1.5 2.4 -1.5 16 l0 16 -56 0 -56 0 0 -8z m48 -32 l0 -8 -8 0 -8 0 0 8 0 8 8 0 8 0 0 -8z"/>
  <path d="M240 480 c0 -13.6 -0.2 -16 -1.5 -16 -0.8 0 -1.5 -0.7 -1.5 -1.5 0 -0.8 0.7 -1.5 1.5 -1.5 0.8 0 1.5 0.7 1.5 1.5 0 1.2 1.6 1.5 8 1.5 l8 0 0 -8 0 -8 -8 0 c-6.4 0 -8 0.3 -8 1.5 0 1.2 -1.7 1.5 -9.5 1.5 l-9.5 0 0 -8 0 -8 -8 0 -8 0 0 -9.5 c0 -7.8 0.3 -9.5 1.5 -9.5 0.8 0 1.5 -0.7 1.5 -1.5 0 -1.3 6.9 -1.5 56 -1.5 49.1 0 56 0.2 56 1.5 0 0.8 0.7 1.5 1.5 1.5 1.2 0 1.5 1.7 1.5 9.5 l0 9.5 -8 0 -8 0 0 8 0 8 -9.5 0 c-7.8 0 -9.5 -0.3 -9.5 -1.5 0 -1.2 -1.6 -1.5 -8 -1.5 l-8 0 0 8 0 8 8 0 c6.4 0 8 -0.3 8 -1.5 0 -0.8 0.7 -1.5 1.5 -1.5 0.8 0 1.5 0.7 1.5 1.5 0 0.8 -0.7 1.5 -1.5 1.5 -1.3 0 -1.5 2.4 -1.5 16 l0 16 -24 0 -24 0 0 -16z m32 -40 l0 -8 -8 0 -8 0 0 8 0 8 8 0 8 0 0 -8z"/>
  <path d="M304 480 c0 -13.6 -0.2 -16 -1.5 -16 -0.8 0 -1.5 -0.7 -1.5 -1.5 0 -1.3 2.4 -1.5 16 -1.5 l16 0 0 -8 0 -8 9.5 0 c7.8 0 9.5 0.3 9.5 1.5 0 1.2 1.6 1.5 8 1.5 l8 0 0 -8 0 -8 -8 0 c-6.4 0 -8 0.3 -8 1.5 0 0.8 -0.7 1.5 -1.5 1.5 -0.8 0 -1.5 -0.7 -1.5 -1.5 0 -0.8 0.7 -1.5 1.5 -1.5 1.2 0 1.5 -1.6 1.5 -8 l0 -8 -8 0 c-6.4 0 -8 0.3 -8 1.5 0 0.8 -0.7 1.5 -1.5 1.5 -0.8 0 -1.5 -0.7 -1.5 -1.5 0 -0.8 0.7 -1.5 1.5 -1.5 1.2 0 1.5 -1.6 1.5 -8 l0 -8 8 0 8 0 0 -25.5 0 -25.5 6.5 0 6.5 0 0 -8 0 -8 17.5 0 17.5 0 0 33.5 0 33.5 -24 0 -24 0 0 8 0 8 24 0 24 0 0 24 0 24 -8 0 -8 0 0 8 0 8 16 0 16 0 0 8 0 8 -56 0 -56 0 0 -16z m80 -24 l0 -8 -8 0 -8 0 0 8 0 8 8 0 8 0 0 -8z"/>
  <path d="M96 360 l0 -24 8 0 8 0 0 24 0 24 -8 0 -8 0 0 -24z"/>
  <path d="M276.5 381.4 c-2.4 -2.6 -2.5 -3.2 -2.5 -17.5 l0 -14.9 2.5 0 c2.5 0 2.5 -0.1 2.5 -8 l0 -8 11.5 0 11.5 0 0 25.5 0 25.5 -11.5 0 c-11.3 0 -11.7 -0.1 -14 -2.6z"/>
  <path d="M416 360 l0 -24 8 0 8 0 0 24 0 24 -8 0 -8 0 0 -24z"/>
  <path d="M208 321.5 c0 -0.8 -0.7 -1.5 -1.5 -1.5 -1.2 0 -1.5 -1.4 -1.5 -6.5 l0 -6.5 -30.5 0 -30.5 0 0 -9.5 0 -9.5 40 0 40 0 0 8 0 8 8 0 8 0 0 8 c0 6.4 0.3 8 1.5 8 0.8 0 1.5 0.7 1.5 1.5 0 1.3 -2.6 1.5 -17.5 1.5 -14.9 0 -17.5 -0.2 -17.5 -1.5z"/>
  <path d="M333 305.5 c0 -0.8 0.7 -1.5 1.5 -1.5 1.2 0 1.5 -1.6 1.5 -8 l0 -8 24 0 24 0 0 9.5 0 9.5 -25.5 0 c-22 0 -25.5 -0.2 -25.5 -1.5z"/>
 </g>
 <g fill="#8c8b8c">
  <path d="M192 456 l0 -8 -8 0 -8 0 0 -8 0 -8 8 0 8 0 0 -8 0 -8 8 0 8 0 0 -48 0 -48 -8 0 -8 0 0 8 0 8 -8 0 -8 0 0 8 0 8 -8 0 -8 0 0 -8 0 -8 -15.9 0 -16 0 -0.3 -8.2 -0.3 -8.3 8.3 0.3 8.2 0.3 0 -8 0 -8.1 32 0 32 0 0 8 0 8 56 0 56 0 0 -8 0 -8 32 0 32 0 0 8 0 8 8 0 8 0 0 8 0 8 -16 0 -16 0 0 8 0 8 -8 0 -8 0 0 -8 0 -8 -8 0 -8 0 0 -8 0 -8 -8 0 -8 0 0 48 0 48 8 0 8 0 0 8 0 8 8 0 8 0 0 8 0 8 -8 0 -8 0 0 8 0 8 -24 0 -24 0 0 -8 0 -8 8 0 8 0 0 -8 0 -8 8 0 8 0 0 -8 0 -8 -56 0 -56 0 0 8 0 8 8 0 8 0 0 8 0 8 8 0 8 0 0 8 0 8 -24 0 -24 0 0 -8z m107 -97.5 l0 -22.5 -8.5 0 -8.5 0 0 10 c0 7.7 -0.3 10 -1.3 10 -0.8 0 -1.9 -1 -2.5 -2.2 -1 -2.1 -1.1 -1.9 -1.1 1.6 l-0.1 4 -3.7 -6.1 c-2.1 -3.4 -4.6 -7.2 -5.5 -8.5 -1.7 -2.3 -1.7 -2.3 -1.7 2.5 -0.1 4.5 -0.2 4.7 -3.1 4.7 -2.8 0 -3 0.2 -3 4 0 2.2 0.5 4 1 4 0.6 0 1 -0.7 1 -1.5 0 -2.7 6.3 -1.9 9.2 1.3 4.4 4.8 5.8 7.6 5.8 11.8 0 3 0.7 4.8 2.5 6.8 2.2 2.4 3 2.6 11 2.6 l8.5 0 0 -22.5z m-37 16 l0 -4.5 -4 0 c-2.9 0 -4 0.4 -4 1.5 0 1 1 1.5 3 1.5 2.7 0 3 0.3 3 3 0 1.7 0.5 3 1 3 0.6 0 1 -2 1 -4.5z m2 -34 c-0.8 -0.9 -3 -1.5 -5.6 -1.5 -3.2 0 -4.4 0.4 -4.4 1.5 0 1.2 1.3 1.5 5.6 1.5 4.9 0 5.5 -0.2 4.4 -1.5z"/>
 </g>
 <g fill="#7a43ed">
  <path d="M245 379 c0 -2.7 0.3 -3 3 -3 2.3 0 3 -0.4 3 -2 0 -1.3 -0.7 -2 -2 -2 -1.3 0 -2 -0.7 -2 -2 0 -1.3 0.7 -2 2 -2 1.5 0 2 -0.7 2 -2.5 0 -2.1 -0.5 -2.5 -3 -2.5 -2.5 0 -3 -0.4 -3 -2.5 0 -1.6 -0.6 -2.5 -1.5 -2.5 -0.8 0 -1.5 -0.7 -1.5 -1.5 0 -0.8 0.7 -1.5 1.5 -1.5 0.8 0 1.5 0.7 1.5 1.5 0 1 1 1.5 3 1.5 2.5 0 3 -0.4 3 -2.5 0 -2.1 0.5 -2.5 3 -2.5 2.3 0 3 -0.4 3 -2 0 -1.6 -0.7 -2 -3 -2 l-3 0 0 -6.5 0 -6.5 7.3 0 c6.7 0 7.5 0.2 10 2.8 2.6 2.7 2.7 3.2 2.7 14.7 l0 11.9 -3 -2.9 -3 -2.9 0 11.2 0 11.2 -4 0 c-3.8 0 -4 -0.2 -4 -3 0 -2.7 -0.3 -3 -3 -3 -2.7 0 -3 0.3 -3 3 0 2.7 -0.3 3 -3 3 -2.7 0 -3 -0.3 -3 -3z m18 -14 c0 -1.6 -0.7 -2 -3 -2 -2.5 0 -3 -0.4 -3 -2.5 0 -2.1 -0.5 -2.5 -3 -2.5 -2.5 0 -3 0.4 -3 2.5 0 2.1 0.5 2.5 3 2.5 2.3 0 3 0.4 3 2 0 1.6 0.7 2 3 2 2.3 0 3 -0.4 3 -2z m0 -18 c0 -1.6 -0.7 -2 -3 -2 -2.3 0 -3 0.4 -3 2 0 1.6 0.7 2 3 2 2.3 0 3 -0.4 3 -2z"/>
  <path d="M242 374.5 c0 -0.8 0.5 -1.5 1 -1.5 0.6 0 1 0.7 1 1.5 0 0.8 -0.4 1.5 -1 1.5 -0.5 0 -1 -0.7 -1 -1.5z"/>
  <path d="M232 369.5 c0 -0.8 0.5 -1.5 1 -1.5 0.6 0 1 0.7 1 1.5 0 0.8 -0.4 1.5 -1 1.5 -0.5 0 -1 -0.7 -1 -1.5z"/>
  <path d="M235 365.5 c0 -2.1 0.5 -2.5 3 -2.5 2.5 0 3 0.4 3 2.5 0 2.1 -0.5 2.5 -3 2.5 -2.5 0 -3 -0.4 -3 -2.5z"/>
  <path d="M224.7 355.3 c-0.4 -0.3 -0.7 -1.9 -0.7 -3.5 0 -2.7 0.2 -2.8 4.5 -2.8 3.8 0 4.5 0.3 4.5 2 0 1.5 -0.7 2 -2.5 2 -1.6 0 -2.5 0.6 -2.5 1.5 0 1.5 -2.1 2.1 -3.3 0.8z"/>
  <path d="M241 347 c0 -1.6 0.7 -2 3 -2 2.3 0 3 0.4 3 2 0 1.6 -0.7 2 -3 2 -2.3 0 -3 -0.4 -3 -2z"/>
 </g>
 <g fill="#9b5de8">
  <path d="M238 374 c0 -1.6 0.7 -2 3 -2 2.3 0 3 0.4 3 2 0 1.6 -0.7 2 -3 2 -2.3 0 -3 -0.4 -3 -2z"/>
  <path d="M228 370 c0 -1.6 -0.7 -2 -3 -2 -2.5 0 -3 -0.4 -3 -2.5 0 -2.1 0.5 -2.5 3 -2.5 2.5 0 3 0.4 3 2.5 0 2.1 0.5 2.5 3 2.5 2.3 0 3 0.4 3 2 0 1.6 -0.7 2 -3 2 -2.3 0 -3 -0.4 -3 -2z"/>
  <path d="M245 370 c0 -1.5 0.7 -2 2.5 -2 1.8 0 2.5 0.5 2.5 2 0 1.5 -0.7 2 -2.5 2 -1.8 0 -2.5 -0.5 -2.5 -2z"/>
  <path d="M212 361 c0 -2.8 0.3 -3 3.5 -3 3.2 0 3.5 0.2 3.5 3 0 2.8 -0.3 3 -3.5 3 -3.2 0 -3.5 -0.2 -3.5 -3z"/>
  <path d="M223 353.5 c0 -3.7 0.3 -4.5 1.9 -4.5 1.9 0 3.1 2.5 3.1 6.8 0 1.7 -0.6 2.2 -2.5 2.2 -2.3 0 -2.5 -0.4 -2.5 -4.5z"/>
  <path d="M239 355.5 c0 -2.1 0.5 -2.5 3 -2.5 2.5 0 3 0.4 3 2.5 0 2.1 -0.5 2.5 -3 2.5 -2.5 0 -3 -0.4 -3 -2.5z"/>
  <path d="M236 339 c0 -1.6 0.7 -2 3 -2 2.3 0 3 0.4 3 2 0 1.6 -0.7 2 -3 2 -2.3 0 -3 -0.4 -3 -2z"/>
 </g>
 <g fill="#5a49d6">
  <path d="M272.3 368 l-4.3 -6.1 0 -11 c0 -6 0.4 -10.9 0.9 -10.9 0.4 0 2.5 2.5 4.5 5.5 l3.7 5.6 -0.3 11.5 -0.3 11.6 -4.2 -6.2z"/>
 </g>
</svg>



----------


moon dog


<?xml version="1.0" encoding="utf-8"?>
<!DOCTYPE svg PUBLIC "-//W3C//DTD SVG 1.0//EN" "http://www.w3.org/TR/2001/REC-SVG-20010904/DTD/svg10.dtd">
<svg version="1.0" xmlns="http://www.w3.org/2000/svg" width="512px" height="512px" viewBox="0 0 512 512" preserveAspectRatio="xMidYMid meet">
 <g fill="#010101">
  <path d="M425.3 79.5 c-1.3 -1.3 -2.3 -2.8 -2.3 -3.4 0 -0.5 -1.1 -1.2 -2.5 -1.5 -1.6 -0.4 -2.5 -1.3 -2.5 -2.6 0 -1.1 -0.4 -2 -1 -2 -0.5 0 -1 -1.8 -1 -4 0 -3 0.7 -4.7 2.5 -6.5 1.3 -1.4 2.9 -2.5 3.5 -2.5 0.5 0 1 -0.4 1 -1 0 -0.6 4 -1 10 -1 6 0 10 0.4 10 1 0 0.6 0.5 1 1 1 0.6 0 2.2 1.1 3.5 2.5 1.8 1.8 2.5 3.5 2.5 6.5 0 2.2 -0.4 4 -1 4 -0.5 0 -1 0.9 -1 2 0 1.3 -0.9 2.2 -2.5 2.6 -1.4 0.3 -2.5 1 -2.5 1.6 0 0.5 -1.1 2 -2.5 3.3 -3.4 3.5 -12 3.5 -15.2 0z"/>
 </g>
 <g fill="#c29042">
  <path d="M426.3 78.5 c-0.7 -0.8 -1.3 -2.1 -1.3 -3 0 -0.9 -0.9 -1.5 -2.5 -1.5 -1.8 0 -2.5 -0.5 -2.5 -2 0 -1.1 -0.4 -2 -1 -2 -0.5 0 -1 -1.8 -1 -4.1 0 -3.9 1.7 -6.9 3.9 -6.9 0.6 0 1.1 -0.4 1.1 -1 0 -0.6 4 -1 10 -1 6 0 10 0.4 10 1 0 0.6 0.5 1 1.1 1 2.2 0 3.9 3 3.9 6.9 0 2.3 -0.4 4.1 -1 4.1 -0.5 0 -1 0.9 -1 2 0 1.5 -0.7 2 -2.5 2 -1.6 0 -2.5 0.6 -2.5 1.6 0 0.8 -0.6 2.2 -1.4 3 -1.9 1.9 -11.7 1.8 -13.3 -0.1z m11.2 -2 c1.4 -1.3 2.5 -3.1 2.5 -4 0 -0.9 0.4 -1.4 0.9 -1.1 1.6 1 4.1 -0.5 4.1 -2.5 0 -1 0.5 -1.9 1 -1.9 0.6 0 1 -0.5 1 -1 0 -1.4 -4.6 -6 -6 -6 -0.5 0 -1 -0.4 -1 -1 0 -0.6 -3 -1 -7 -1 -4 0 -7 0.4 -7 1 0 0.6 -0.5 1 -1 1 -1.4 0 -6 4.6 -6 6 0 0.5 0.5 1 1 1 0.6 0 1 0.9 1 2 0 1.9 1 2.4 3.8 2.1 0.6 -0.1 1.2 0.5 1.2 1.4 0 2.4 4.2 6.4 6.8 6.4 1.3 0.1 3.4 -1 4.7 -2.4z"/>
  <path d="M429.3 75.5 c-0.7 -0.8 -1.3 -2.1 -1.3 -3 0 -0.8 -0.4 -1.5 -1 -1.5 -1.5 0 -1.2 -6.8 0.3 -7.3 0.6 -0.2 0.9 -0.8 0.5 -1.2 -1.3 -1.3 -3.8 2.3 -3.9 5.7 -0.1 2.3 -0.3 2.6 -0.6 1.1 -0.2 -1.3 -0.9 -2.3 -1.4 -2.3 -0.5 0 -0.9 -0.5 -0.9 -1.1 0 -1.4 2.5 -3.9 3.9 -3.9 0.6 0 1.1 -0.4 1.1 -1 0 -0.6 3 -1 7 -1 4 0 7 0.4 7 1 0 0.6 0.5 1 1.1 1 1.4 0 3.9 2.5 3.9 3.9 0 0.6 -0.4 1.1 -1 1.1 -0.5 0 -1 0.9 -1 2 0 3.6 -1.9 2.1 -2.3 -1.7 l-0.4 -3.8 -0.1 3.8 c-0.1 2 -0.6 3.7 -1.2 3.7 -0.5 0 -1 0.7 -1 1.6 0 3.8 -6.1 5.9 -8.7 2.9z m5.3 -1.9 c2.1 -2.1 1.8 -2.6 -1.6 -2.6 -3.3 0 -3.6 0.4 -1.7 2.5 1.5 1.8 1.6 1.8 3.3 0.1z"/>
 </g>
 <g fill="#939393">
  <path d="M413.4 83.7 c-0.3 -1.4 -0.4 -3.6 -0.2 -4.8 0.3 -2.2 0.8 -2.4 5.3 -2.4 l5 0 0 4.5 0 4.5 -4.7 0.3 c-4.3 0.3 -4.8 0.1 -5.4 -2.1z"/>
  <path d="M440.4 82.6 c-0.3 -0.8 -0.4 -2.7 -0.2 -4.3 0.2 -2.2 0.9 -2.9 3 -3.1 2.4 -0.3 2.7 -0.8 3 -4.5 l0.3 -4.2 5.3 -0.3 5.2 -0.3 0 3.6 c0 4.1 -1.8 6.5 -4.9 6.5 -1.6 0 -2 0.8 -2.3 3.8 -0.3 3.6 -0.4 3.7 -4.6 4 -3 0.2 -4.4 -0.1 -4.8 -1.2z"/>
  <path d="M412.7 59.4 c-0.4 -0.4 -0.7 -2.4 -0.7 -4.5 0 -4.2 1 -4.9 7.3 -4.9 5.8 0 6.9 1 6.5 5.6 l-0.3 3.9 -6 0.3 c-3.4 0.2 -6.4 0 -6.8 -0.4z"/>
  <path d="M436.4 52.6 c-0.3 -0.8 -0.4 -2.7 -0.2 -4.3 0.3 -2.6 0.6 -2.8 4.8 -2.8 l4.5 0 0 4 c0 4 0 4 -4.3 4.3 -3 0.2 -4.4 -0.1 -4.8 -1.2z"/>
 </g>
 <g fill="#cccccc">
  <path d="M424.4 90.5 c-0.4 -0.8 -1.7 -1.5 -3 -1.5 -1.3 0 -2.4 -0.4 -2.4 -1 0 -0.5 -0.8 -1 -1.8 -1 -2.2 0 -5.2 -3.4 -5.2 -6 0 -1.1 -0.7 -2 -1.5 -2 -0.9 0 -1.5 -0.9 -1.5 -2.5 0 -1.4 -0.4 -2.5 -1 -2.5 -0.6 0 -1 -3.2 -1 -7.5 0 -4.3 0.4 -7.5 1 -7.5 0.6 0 1 -1.1 1 -2.5 0 -1.6 0.6 -2.5 1.5 -2.5 0.9 0 1.5 -0.9 1.5 -2.5 0 -1.4 0.5 -2.5 1 -2.5 0.6 0 1 -0.7 1 -1.5 0 -1 1 -1.5 3 -1.5 1.7 0 3 -0.4 3 -1 0 -0.5 0.9 -1 1.9 -1 1 0 2.1 -0.7 2.5 -1.5 0.8 -2.2 15.6 -2.2 15.6 0 0 0.9 0.9 1.5 2.5 1.5 1.4 0 2.5 0.5 2.5 1 0 0.6 1.1 1 2.5 1 1.6 0 2.5 0.6 2.5 1.5 0 0.8 0.5 1.5 1 1.5 0.6 0 1 1.1 1 2.5 0 1.6 0.6 2.5 1.5 2.5 0.9 0 1.5 0.9 1.5 2.5 0 1.4 0.5 2.5 1 2.5 0.6 0 1 3.2 1 7.5 0 4.3 -0.4 7.5 -1 7.5 -0.5 0 -1 1.6 -1 3.5 0 2.4 -0.5 3.5 -1.5 3.5 -0.8 0 -1.5 0.5 -1.5 1.1 0 1.7 -2.7 3.9 -4.9 3.9 -1.2 0 -2.1 0.6 -2.1 1.5 0 0.9 -0.9 1.5 -2.4 1.5 -1.3 0 -2.6 0.7 -3 1.5 -0.4 1.1 -2.2 1.5 -7.6 1.5 -5.4 0 -7.2 -0.4 -7.6 -1.5z m-3.6 -9.2 c0.5 -1.7 -2.6 -2.9 -4 -1.5 -0.6 0.6 -0.7 1.5 -0.3 2.2 0.9 1.4 3.7 0.9 4.3 -0.7z m25.7 -1.2 c0.7 -1.2 -1.2 -2.4 -2.5 -1.6 -1.1 0.7 -0.4 2.5 1 2.5 0.5 0 1.1 -0.4 1.5 -0.9z m-9 -3.6 c1.4 -1.3 2.5 -3.1 2.5 -4 0 -0.9 0.4 -1.4 0.9 -1.1 1.6 1 4.1 -0.5 4.1 -2.5 0 -1 0.5 -1.9 1 -1.9 1.7 0 1.1 -2 -1.5 -4.5 -1.3 -1.4 -2.9 -2.5 -3.5 -2.5 -0.5 0 -1 -0.4 -1 -1 0 -0.6 -3 -1 -7 -1 -4 0 -7 0.4 -7 1 0 0.6 -0.5 1 -1 1 -1.4 0 -6 4.6 -6 6 0 0.5 0.5 1 1 1 0.6 0 1 0.9 1 2 0 1.9 1 2.4 3.8 2.1 0.6 -0.1 1.2 0.5 1.2 1.4 0 2.4 4.2 6.4 6.8 6.4 1.3 0.1 3.4 -1 4.7 -2.4z m17 -5.5 c0 -1.8 -3.3 -2.6 -4.7 -1.2 -0.6 0.6 -0.7 1.5 -0.3 2.2 1 1.6 5 0.8 5 -1z m-31.9 -15.1 c0.7 -1.2 -1.3 -2.9 -3.6 -2.9 -2.3 0 -4.3 1.7 -3.6 2.9 0.4 0.6 2 1.1 3.6 1.1 1.6 0 3.2 -0.5 3.6 -1.1z m19.9 -5.8 c0.7 -1.2 -1.2 -2.4 -2.5 -1.6 -1.1 0.7 -0.4 2.5 1 2.5 0.5 0 1.1 -0.4 1.5 -0.9z"/>
 </g>
</svg>



-------------



back bling

<?xml version="1.0" encoding="utf-8"?>
<!DOCTYPE svg PUBLIC "-//W3C//DTD SVG 1.0//EN" "http://www.w3.org/TR/2001/REC-SVG-20010904/DTD/svg10.dtd">
<svg version="1.0" xmlns="http://www.w3.org/2000/svg" width="512px" height="512px" viewBox="0 0 512 512" preserveAspectRatio="xMidYMid meet">
 <g fill="#000000">
  <path d="M368 278.5 l0 -9.5 6.5 0 6.5 0 0 -5 0 -5 -6.5 0 -6.5 0 0 -9.5 0 -9.5 8 0 8 0 0 -8 0 -8 8 0 8 0 0 -8 0 -8 8 0 8 0 0 -8 0 -8 16 0 16 0 0 16 0 16 -8 0 -8 0 0 8 0 8 -8 0 -8 0 0 8 0 8 -8 0 -8 0 0 8 0 8 -8 0 -8 0 0 8 0 8 -8 0 -8 0 0 -9.5z m29 -30.5 l0 -5 -5 0 -5 0 0 5 0 5 5 0 5 0 0 -5z m16 -16 l0 -5 -5 0 -5 0 0 5 0 5 5 0 5 0 0 -5z m16 -16 l0 -5 -5 0 -5 0 0 5 0 5 5 0 5 0 0 -5z"/>
  <path d="M160 264 l0 -8 -8 0 -8 0 0 -8 0 -8 -8 0 -8 0 0 -8 0 -8 -8 0 -8 0 0 -16 0 -16 16 0 16 0 0 8 0 8 8 0 8 0 0 8 0 8 8 0 8 0 0 9.5 0 9.5 -6.5 0 -6.5 0 0 5 0 5 6.5 0 c5.1 0 6.5 0.3 6.5 1.5 0 0.8 0.7 1.5 1.5 1.5 1.2 0 1.5 1.6 1.5 8 l0 8 -9.5 0 -9.5 0 0 -8z m-3 -32 l0 -5 -5 0 -5 0 0 5 0 5 5 0 5 0 0 -5z m-16 -16 l0 -5 -5 0 -5 0 0 5 0 5 5 0 5 0 0 -5z"/>
 </g>
 <g fill="#c1c1c1">
  <path d="M176 264 l0 -8 -8 0 -8 0 0 -8 0 -8 -8 0 -8 0 0 -8 0 -8 -8 0 -8 0 0 -8 0 -8 8 0 8 0 0 8 0 8 8 0 8 0 0 8 0 8 8 0 8 0 0 8 0 8 8 0 8 0 0 8 0 8 -8 0 -8 0 0 -8z"/>
  <path d="M368 264 l0 -8 8 0 8 0 0 -8 0 -8 8 0 8 0 0 -8 0 -8 8 0 8 0 0 -8 0 -8 8 0 8 0 0 8 0 8 -8 0 -8 0 0 8 0 8 -8 0 -8 0 0 8 0 8 -8 0 -8 0 0 8 0 8 -8 0 -8 0 0 -8z"/>
 </g>
</svg>


------------


Saiyan head


