Rare Clothes


btc machine logo


<?xml version="1.0" encoding="utf-8"?>
<!DOCTYPE svg PUBLIC "-//W3C//DTD SVG 1.0//EN" "http://www.w3.org/TR/2001/REC-SVG-20010904/DTD/svg10.dtd">
<svg version="1.0" xmlns="http://www.w3.org/2000/svg" width="512px" height="512px" viewBox="0 0 512 512" preserveAspectRatio="xMidYMid meet">
 <g fill="#ff8528">
  <path d="M271 376 l0 -8 -16 0 -16 0 0 -16 0 -16 8 0 8 0 0 8 0 8 24 0 24 0 0 8 0 8 -8 0 -8 0 0 8 0 8 -8 0 -8 0 0 -8z"/>
 </g>
</svg>


--------------

Prisoner:

<?xml version="1.0" encoding="utf-8"?>
<!DOCTYPE svg PUBLIC "-//W3C//DTD SVG 1.0//EN" "http://www.w3.org/TR/2001/REC-SVG-20010904/DTD/svg10.dtd">
<svg version="1.0" xmlns="http://www.w3.org/2000/svg" width="512px" height="512px" viewBox="0 0 512 512" preserveAspectRatio="xMidYMid meet">
 <g fill="#ef7721">
  <path d="M160 456 l0 -8 8 0 8 0 0 -8 0 -8 8 0 8 0 0 -8 0 -8 8 0 c7.3 0 8 -0.2 8 -2 0 -2 0.7 -2 56 -2 55.3 0 56 0 56 2 0 1.8 0.7 2 8 2 l8 0 0 8 0 8 8 0 8 0 0 8 0 8 8 0 8 0 0 8 0 8 -40 0 -40 0 0 -8 0 -8 -8 0 -8 0 0 -8 0 -8 -8 0 -8 0 0 8 0 8 -8 0 -8 0 0 8 0 8 -40 0 -40 0 0 -8z"/>
  <path d="M207.8 361.3 l-0.3 -40.8 -7.5 0 -7.5 0 -0.3 7.7 -0.3 7.7 -7.7 0.3 -7.7 0.3 -0.3 15.8 -0.3 15.7 -23.9 0 -24 0 0 -24 0 -23.9 7.8 -0.3 7.7 -0.3 0.3 -7.7 0.3 -7.7 7.7 -0.3 7.7 -0.3 0.3 -7.7 0.3 -7.8 31.9 0 32 0 0 8 0 8 8 0 8 0 0 8 c0 6.4 0.3 8 1.5 8 1.2 0 1.5 1.4 1.5 6.5 l0 6.5 6.5 0 c5.1 0 6.5 0.3 6.5 1.5 0 0.8 0.7 1.5 1.5 1.5 1.2 0 1.5 1.4 1.5 6.5 l0 6.5 5 0 5 0 0 -6.5 c0 -5.1 0.3 -6.5 1.5 -6.5 0.8 0 1.5 -0.7 1.5 -1.5 0 -1.2 1.4 -1.5 6.5 -1.5 l6.5 0 0 -6.5 0 -6.5 17.5 0 17.5 0 0 -8 0 -8 8 0 8 0 0 -8 0 -8 16 0 15.9 0 0.3 7.8 0.3 7.7 7.8 0.3 7.7 0.3 0 7.9 0 8 8 0 8 0 0 24 0 24 -24 0 -24 0 0 -16 0 -16 -8 0 -8 0 0 -8 0 -8 -8 0 -8 0 0 41 0 41 -56 0 -56 0 -0.2 -40.7z"/>
 </g>
 <g fill="#d2712c">
  <path d="M148.3 464.3 c0.9 -0.2 2.5 -0.2 3.5 0 0.9 0.3 0.1 0.5 -1.8 0.5 -1.9 0 -2.7 -0.2 -1.7 -0.5z"/>
  <path d="M208 407 l0 -8 56 0 56 0 0 8 0 8 -56 0 -56 0 0 -8z"/>
 </g>
 <g fill="#ffffff">
  <path d="M256 344 l0 -8 -8 0 -8 0 0 -8 0 -8 8 0 8 0 0 8 0 8 8 0 8 0 0 -8 0 -8 8 0 8 0 0 8 0 8 -8 0 -8 0 0 8 0 8 -8 0 -8 0 0 -8z"/>
 </g>
</svg>


----------------

pup shirt


<?xml version="1.0" encoding="utf-8"?>
<!DOCTYPE svg PUBLIC "-//W3C//DTD SVG 1.0//EN" "http://www.w3.org/TR/2001/REC-SVG-20010904/DTD/svg10.dtd">
<svg version="1.0" xmlns="http://www.w3.org/2000/svg" width="512px" height="512px" viewBox="0 0 512 512" preserveAspectRatio="xMidYMid meet">
 <g fill="#000101">
  <path d="M249 375 c0 -0.5 -1.1 -1 -2.5 -1 -1.4 0 -2.5 -0.4 -2.5 -1 0 -0.5 -0.9 -1 -2 -1 -1.6 0 -2 -0.7 -2 -3.3 0 -2.1 -0.7 -3.8 -2 -4.7 -1.4 -1 -2 -2.6 -2 -5.2 0 -2.1 0.4 -3.8 0.9 -3.8 0.5 0 1.1 -1 1.3 -2.2 l0.3 -2.3 26.3 -0.3 c25.4 -0.2 26.2 -0.2 26.2 1.7 0 1.1 0.9 2.3 2 2.6 3.6 1.1 2.1 13.5 -1.6 13.5 -0.5 0 -1.6 0.9 -2.4 2 -0.8 1.1 -2.2 2 -3.2 2 -1 0 -1.8 0.5 -1.8 1 0 0.6 -1.6 1 -3.5 1 -1.9 0 -3.5 0.5 -3.5 1 0 0.6 -5.3 1 -14 1 -8.7 0 -14 -0.4 -14 -1z m22 -11 c0 -0.5 -0.9 -1 -1.9 -1 -1.1 0 -2.2 -0.6 -2.4 -1.2 -0.3 -0.7 -0.6 -0.3 -0.6 1 -0.1 1.7 0.5 2.2 2.4 2.2 1.4 0 2.5 -0.4 2.5 -1z"/>
 </g>
 <g fill="#002f33">
  <path d="M236 366 c0 -0.5 -1.8 -1 -4 -1 -2.2 0 -4 -0.4 -4 -0.9 0 -0.5 -1.1 -1.2 -2.5 -1.5 -2.4 -0.6 -2.5 -1 -2.5 -8.4 0 -7 0.3 -8 2.9 -10.9 1.6 -1.8 3.6 -3.3 4.5 -3.3 0.9 0 1.6 -0.4 1.6 -1 0 -0.5 0.5 -1 1 -1 0.6 0 2.2 -1.1 3.6 -2.5 1.4 -1.4 3.3 -2.5 4.2 -2.5 1 0 2.4 -0.9 3.2 -2 0.8 -1.1 2.5 -2 3.7 -2 1.3 0 2.3 -0.4 2.3 -1 0 -0.5 1.6 -1 3.5 -1 1.9 0 3.5 -0.4 3.5 -1 0 -0.5 2 -1 4.5 -1 2.5 0 4.5 -0.4 4.5 -1 0 -0.5 1.1 -1 2.5 -1 1.4 0 2.5 0.5 2.5 1 0 0.6 1.6 1 3.5 1 1.9 0 3.5 0.5 3.5 1 0 0.6 1.1 1 2.5 1 1.4 0 2.5 0.5 2.5 1 0 0.6 1.1 1 2.5 1 1.4 0 2.5 0.5 2.5 1 0 0.6 0.8 1 1.8 1 1 0 2.4 0.9 3.2 2 0.9 1.3 2.6 2 4.6 2 1.8 0 3.9 0.7 4.8 1.5 0.8 0.8 2.2 1.5 3.1 1.5 0.9 0 1.8 1.2 2.2 3 0.3 1.7 0.9 3 1.4 3 0.5 0 0.9 1.6 0.9 3.5 0 1.9 -0.4 3.5 -1 3.5 -0.5 0 -1 0.6 -1 1.4 0 2.4 -5.6 7.6 -8.3 7.6 -1.4 0 -2.7 0.7 -3.1 1.5 -0.9 2.4 -4.6 1.9 -4.6 -0.6 0 -1.1 -0.9 -2.8 -2 -3.7 -1.2 -1.1 -2.5 -4 -3.2 -7.7 -0.6 -3.3 -1.7 -6.6 -2.4 -7.3 -0.9 -0.8 -4.9 -1.2 -12.8 -1.2 -7.1 0 -11.6 -0.4 -11.6 -1 0 -0.5 -2 -1 -4.5 -1 -2.5 0 -4.5 0.5 -4.5 1 0 0.6 -0.9 1 -2 1 -1.6 0 -2 0.7 -2 3.5 0 1.9 -0.4 3.5 -1 3.5 -0.5 0 -1 1.1 -1 2.4 0 1.5 -0.7 2.6 -2 2.9 -1.2 0.3 -2 1.4 -2 2.5 0 1.1 -0.6 2.2 -1.2 2.4 -0.9 0.3 -0.8 0.9 0.5 2.2 2.1 2.1 2.1 3.3 0.3 5.2 -1.7 1.6 -4.6 1.9 -4.6 0.4z"/>
 </g>
 <g fill="#7f5a2d">
  <path d="M259 383 c0 -0.5 -1.1 -1 -2.5 -1 -1.4 0 -2.5 -0.4 -2.5 -1 0 -0.5 -0.9 -1 -2 -1 -1.1 0 -2 -0.4 -2 -1 0 -0.5 -0.7 -1 -1.5 -1 -0.8 0 -1.5 -0.4 -1.5 -1 0 -0.5 -0.7 -1 -1.5 -1 -2.8 0 -9.5 -6.4 -9.5 -9 0 -1.7 -0.7 -2 -4 -2 -2.2 0 -4 -0.4 -4 -1 0 -0.5 -1.6 -1.2 -3.5 -1.6 l-3.5 -0.6 0 -6.4 c0 -3.6 0.4 -6.4 1 -6.4 0.6 0 1 -0.6 1 -1.2 0 -1.9 5.9 -8.2 6.8 -7.3 0.4 0.4 0.1 1 -0.5 1.2 -0.7 0.3 -1.3 1.1 -1.3 1.9 0 0.8 -0.4 1.4 -1 1.4 -0.6 0 -1 3 -1 7 0 6.2 0.3 7.4 2.5 9.5 3 3.1 7.1 3.2 9.8 0.3 1.3 -1.6 2.1 -1.9 2.4 -1 0.3 0.6 1.3 1.2 2.4 1.2 1.2 0 1.9 0.7 1.9 2 0 1.1 -0.4 2 -1 2 -0.5 0 -1 0.7 -1 1.5 0 0.8 0.9 1.5 2 1.5 1.1 0 2 0.5 2 1 0 0.6 1.1 1 2.5 1 1.4 0 2.5 0.4 2.5 0.8 0 1.2 17.4 3.6 21.4 2.9 2 -0.3 4.8 -1.7 6.3 -3.1 1.5 -1.4 3.2 -2.6 3.8 -2.6 0.6 0 1.7 -0.9 2.5 -2 0.8 -1.1 1.8 -2 2.3 -2 1.2 0 3.7 -2.7 3.7 -3.9 0 -0.6 1.2 -1.1 2.6 -1.1 2.2 0 2.4 0.3 1.8 2.3 -0.3 1.2 -1.1 2.4 -1.5 2.5 -0.5 0.2 -0.9 1.2 -0.9 2.3 0 1 -0.4 1.9 -1 1.9 -0.5 0 -1 0.8 -1 1.8 0 1 -0.9 2.4 -2 3.2 -1.1 0.8 -2 2 -2 2.7 0 0.7 -0.7 1.3 -1.5 1.3 -0.8 0 -1.5 0.5 -1.5 1 0 0.6 -0.9 1 -2 1 -1.1 0 -2 0.5 -2 1 0 0.6 -1.3 1 -3 1 -1.6 0 -3 0.5 -3 1 0 0.6 -3.3 1 -8 1 -4.7 0 -8 -0.4 -8 -1z"/>
  <path d="M246 364.5 c0 -0.8 0.5 -1.5 1 -1.5 0.6 0 1 0.7 1 1.5 0 0.8 -0.4 1.5 -1 1.5 -0.5 0 -1 -0.7 -1 -1.5z"/>
  <path d="M289.3 357.3 c-0.7 -0.2 -1.3 -1.3 -1.3 -2.3 0 -1.3 -1 -2 -3.8 -2.5 -2.1 -0.3 -4.5 -1.5 -5.2 -2.6 -0.8 -1 -2.2 -1.9 -3.2 -1.9 -1 0 -1.8 -0.4 -1.8 -0.9 0 -1.6 -5.6 -2.3 -9.4 -1.2 -3.6 0.9 -6.6 3.2 -6.6 4.9 0 1.1 -5.7 2.2 -11.7 2.2 l-4.3 0 0 -4 c0 -2.2 0.5 -4 1 -4 0.6 0 1 -1.6 1 -3.5 0 -2.8 0.4 -3.5 2 -3.5 1.1 0 2 -0.4 2 -1 0 -0.6 3.2 -1 7.5 -1 4.3 0 7.5 0.4 7.5 1 0 0.6 4.5 1 11.6 1 8.7 0 11.9 0.4 13 1.4 0.8 0.8 1.7 4.2 2.1 7.5 0.3 3.4 1 6.1 1.4 6.1 0.5 0 0.9 1.1 0.9 2.5 0 2.5 -0.4 2.8 -2.7 1.8z"/>
  <path d="M307.1 350.8 c0 -2.1 -0.5 -3.8 -1.1 -3.8 -0.5 0 -1 -1.4 -1 -3.1 0 -2 -0.8 -3.9 -2.2 -5 -1.1 -1.1 -1.8 -2.2 -1.3 -2.7 0.4 -0.4 1 -0.1 1.2 0.6 0.3 0.6 1.3 1.2 2.4 1.2 1 0 1.9 0.4 1.9 1 0 0.5 1.1 2 2.5 3.4 2.6 2.6 3.2 4.6 1.5 4.6 -0.5 0 -1 0.9 -1 2 0 1.1 -0.4 2 -0.9 2 -0.5 0 -1.2 0.8 -1.4 1.8 -0.3 0.9 -0.5 0 -0.6 -2z"/>
  <path d="M266 324 c0 -0.5 1.1 -1 2.5 -1 1.4 0 2.5 0.5 2.5 1 0 0.6 -1.1 1 -2.5 1 -1.4 0 -2.5 -0.4 -2.5 -1z"/>
 </g>
 <g fill="#ffdeb6">
  <path d="M259 377.3 c-2.8 -0.5 -5 -2.1 -5 -3.4 0 -0.5 4.5 -0.9 10 -0.9 6 0 10 -0.4 10 -1 0 -0.5 1.6 -1 3.5 -1 1.9 0 3.5 -0.4 3.5 -1 0 -0.5 0.9 -1 1.9 -1 1.1 0 2.1 -0.6 2.4 -1.2 0.2 -0.8 0.8 -0.9 1.3 -0.4 0.5 0.5 0.4 1.1 -0.3 1.3 -0.7 0.3 -1.3 1.1 -1.3 1.9 0 0.8 -1.2 2.7 -2.7 4.2 -2.5 2.5 -3.4 2.7 -11.8 2.9 -4.9 0 -10.1 -0.1 -11.5 -0.4z"/>
  <path d="M252 367 c0 -0.5 -1.3 -1 -3 -1 -2 0 -3 -0.5 -3 -1.5 0 -1.2 1.5 -1.5 7.3 -1.5 8.2 0 9.1 -0.4 10.1 -4.2 0.8 -3.5 5.1 -4 6.1 -0.8 0.3 1.1 1.5 2 2.6 2 1 0 1.9 0.5 1.9 1 0 0.6 2 1 4.5 1 2.5 0 4.5 0.5 4.5 1 0 0.6 -0.7 1 -1.5 1 -0.8 0 -1.5 0.5 -1.5 1 0 0.6 -1.3 1 -3 1 -1.6 0 -3 0.5 -3 1 0 0.6 -4.3 1 -11 1 -6.7 0 -11 -0.4 -11 -1z"/>
  <path d="M272 356.9 c0 -3 -3 -3.9 -12.4 -3.9 -8.9 0 -9.6 -0.1 -9.6 -2 0 -1.5 0.7 -2 2.5 -2 1.4 0 2.5 -0.5 2.5 -1.1 0 -2.2 4.2 -4.8 8.7 -5.5 5.3 -0.8 12.6 0.1 13.1 1.5 0.2 0.6 1.1 1.1 2.1 1.1 0.9 0 2.3 0.9 3.1 2 0.8 1.1 2.2 2 3.2 2 1.1 0 1.8 0.7 1.8 2 0 1.8 -0.7 2 -7.5 2 -4.3 0 -7.5 0.4 -7.5 1 0 0.6 0.5 1 1.1 1 0.5 0 0.8 0.4 0.4 0.9 -0.3 0.5 0.3 1.2 1.2 1.4 1.4 0.4 1.3 0.5 -0.4 0.6 -1.3 0 -2.3 -0.4 -2.3 -1z"/>
  <path d="M288 355 c0 -1.1 0.5 -2 1 -2 0.6 0 1 0.9 1 2 0 1.1 -0.4 2 -1 2 -0.5 0 -1 -0.9 -1 -2z"/>
  <path d="M225.2 352 c0 -1.9 0.2 -2.7 0.5 -1.7 0.2 0.9 0.2 2.5 0 3.5 -0.3 0.9 -0.5 0.1 -0.5 -1.8z"/>
 </g>
 <g fill="#ffffff">
  <path d="M242 359.1 c0 -0.5 0.6 -1.2 1.3 -1.4 0.9 -0.4 0.8 -0.8 -0.3 -1.6 -0.8 -0.5 -1.1 -1.3 -0.8 -1.7 0.4 -0.3 1.9 0.6 3.3 2.1 1.5 1.4 2.4 2.9 2.1 3.3 -0.4 0.3 -1.2 0 -1.7 -0.8 -0.8 -1.1 -1.2 -1.2 -1.6 -0.2 -0.5 1.4 -2.3 1.6 -2.3 0.3z"/>
  <path d="M272 356.6 c0 -0.8 -0.6 -1.6 -1.2 -1.9 -0.7 -0.2 -1 -0.8 -0.6 -1.2 0.4 -0.4 1.4 0 2.3 0.9 0.9 0.9 2.1 1.6 2.6 1.6 0.5 0 0.9 0.5 0.9 1 0 0.6 -0.9 1 -2 1 -1.1 0 -2 -0.6 -2 -1.4z"/>
  <path d="M237.3 339.3 c-1.2 -1.5 -2 -2.9 -1.8 -3.1 0.4 -0.5 5.5 4.4 5.5 5.3 0 1.3 -1.7 0.3 -3.7 -2.2z"/>
 </g>
</svg>


--------------------------


Science


<?xml version="1.0" encoding="utf-8"?>
<!DOCTYPE svg PUBLIC "-//W3C//DTD SVG 1.0//EN" "http://www.w3.org/TR/2001/REC-SVG-20010904/DTD/svg10.dtd">
<svg version="1.0" xmlns="http://www.w3.org/2000/svg" width="512px" height="512px" viewBox="0 0 512 512" preserveAspectRatio="xMidYMid meet">
 <g fill="#ffffff">
  <path d="M205 425.5 c0 -7.8 0.3 -9.5 1.5 -9.5 1.3 0 1.5 -2.7 1.5 -18 l0 -18 17.5 0 17.5 0 0 27.5 0 27.5 -19 0 -19 0 0 -9.5z"/>
  <path d="M285 407.5 l0 -27.5 17.5 0 17.5 0 0 18 c0 15.3 0.2 18 1.5 18 1.2 0 1.5 1.7 1.5 9.5 l0 9.5 -19 0 -19 0 0 -27.5z"/>
  <path d="M128 344 l0 -24 8 0 8 0 0 -8 0 -8 8 0 8 0 0 -8 0 -8 32 0 32 0 0 8 0 8 8 0 8 0 0 8 c0 6.4 0.3 8 1.5 8 1.3 0 1.5 2.6 1.5 17 l0 17 -17.5 0 -17.5 0 0 -17 0 -17 -8 0 -8 0 0 8 0 8 -8 0 -8 0 0 16 0 16 -24 0 -24 0 0 -24z"/>
  <path d="M352 352 l0 -16 -8 0 -8 0 0 -8 0 -8 -8 0 -8 0 0 17.5 0 17.5 -5.3 0 c-3 0 -10.9 -0.3 -17.5 -0.7 l-12.2 -0.6 0 -16.9 0 -16.8 17.5 0 17.5 0 0 -8 0 -8 8 0 8 0 0 -8 0 -8 16 0 16 0 0 8 0 8 8 0 8 0 0 8 0 8 8 0 8 0 0 24 0 24 -24 0 -24 0 0 -16z"/>
 </g>
 <g fill="#5e5b50">
  <path d="M160 456 l0 -8 8 0 8 0 0 -8 0 -8 8 0 8 0 0 -8 0 -8 8 0 8 0 0 8 0 8 16 0 16 0 0 -9.5 0 -9.5 24 0 24 0 0 9.5 0 9.5 16 0 16 0 0 -8 0 -8 8 0 8 0 0 8 0 8 8 0 8 0 0 8 0 8 8 0 8 0 0 8 0 8 -40 0 -40 0 0 -8 0 -8 -8 0 -8 0 0 -8 0 -8 -8 0 -8 0 0 8 0 8 -8 0 -8 0 0 8 0 8 -40 0 -40 0 0 -8z"/>
  <path d="M240 393 c0 -8.2 -0.3 -10 -1.5 -10 -1.3 0 -1.5 -2.4 -1.5 -16 0 -13.6 0.2 -16 1.5 -16 1.3 0 1.5 -2.4 1.5 -15.5 l0 -15.5 24 0 24 0 0 15.5 c0 13.1 0.2 15.5 1.5 15.5 1.3 0 1.5 2.4 1.5 16 0 13.6 -0.2 16 -1.5 16 -1.2 0 -1.5 1.8 -1.5 10 l0 10 -24 0 -24 0 0 -10z"/>
  <path d="M301 360.9 c0 -10 0 -10.1 2.3 -9.5 1.2 0.3 5.5 0.6 9.5 0.6 l7.2 0 0 9.5 0 9.5 -9.5 0 -9.5 0 0 -10.1z"/>
 </g>
 <g fill="#eaeaea">
  <path d="M208 367 l0 -16 16 0 16 0 0 16 0 16 -16 0 -16 0 0 -16z"/>
  <path d="M288 367 l0 -16 8 0 8 0 0 8.5 0 8.5 8 0 8 0 0 7.5 0 7.5 -16 0 -16 0 0 -16z"/>
 </g>
 <g fill="#3d2d1d">
  <path d="M240 408 l0 -8 9.5 0 9.5 0 0 8 0 8 -9.5 0 -9.5 0 0 -8z"/>
  <path d="M269 408 l0 -8 9.5 0 9.5 0 0 8 0 8 -9.5 0 -9.5 0 0 -8z"/>
 </g>
 <g fill="#ca9a00">
  <path d="M256 408 l0 -8 8 0 8 0 0 8 0 8 -8 0 -8 0 0 -8z"/>
 </g>
</svg>



---------------


track suit


<?xml version="1.0" encoding="utf-8"?>
<!DOCTYPE svg PUBLIC "-//W3C//DTD SVG 1.0//EN" "http://www.w3.org/TR/2001/REC-SVG-20010904/DTD/svg10.dtd">
<svg version="1.0" xmlns="http://www.w3.org/2000/svg" width="512px" height="512px" viewBox="0 0 512 512" preserveAspectRatio="xMidYMid meet">
 <g fill="#3d6491">
  <path d="M173 457.5 c0 -7.8 0.3 -9.5 1.5 -9.5 0.8 0 1.5 -0.7 1.5 -1.5 0 -1.2 1.4 -1.5 6.5 -1.5 l6.5 0 0 -6.5 c0 -5.1 0.3 -6.5 1.5 -6.5 0.8 0 1.5 -0.7 1.5 -1.5 0 -1.2 1.4 -1.5 6.5 -1.5 l6.5 0 0 -6.5 c0 -5.1 0.3 -6.5 1.5 -6.5 1.3 0 1.5 -6 1.5 -48 l0 -48 -8 0 -8 0 0 8 0 8 -8 0 -8 0 0 16 0 16 -24 0 -24 0 0 -9.5 0 -9.5 6.5 0 6.5 0 0 -14.5 c0 -12.2 0.2 -14.5 1.5 -14.5 0.8 0 1.5 -0.7 1.5 -1.5 0 -1.2 1.4 -1.5 6.5 -1.5 l6.5 0 0 -6.5 c0 -5.1 0.3 -6.5 1.5 -6.5 0.8 0 1.5 -0.7 1.5 -1.5 0 -1.2 1.4 -1.5 6.5 -1.5 l6.5 0 0 -6.5 0 -6.5 25.5 0 25.5 0 0 8 0 8 8 0 8 0 0 8 0 8 9.5 0 9.5 0 0 38.5 0 38.5 5 0 5 0 0 -38.5 0 -38.5 25.5 0 25.5 0 0 -8 0 -8 8 0 8 0 0 -8 0 -8 9.5 0 9.5 0 0 6.5 0 6.5 6.5 0 c5.1 0 6.5 0.3 6.5 1.5 0 0.8 0.7 1.5 1.5 1.5 1.2 0 1.5 1.4 1.5 6.5 l0 6.5 6.5 0 c5.1 0 6.5 0.3 6.5 1.5 0 0.8 0.7 1.5 1.5 1.5 1.3 0 1.5 2.3 1.5 14.5 l0 14.5 6.5 0 6.5 0 0 9.5 0 9.5 -24 0 -24 0 0 -16 0 -16 -8 0 -8 0 0 -8 0 -8 -8 0 -8 0 0 48 c0 42 0.2 48 1.5 48 1.2 0 1.5 1.4 1.5 6.5 l0 6.5 6.5 0 c5.1 0 6.5 0.3 6.5 1.5 0 0.8 0.7 1.5 1.5 1.5 1.2 0 1.5 1.4 1.5 6.5 l0 6.5 6.5 0 c5.1 0 6.5 0.3 6.5 1.5 0 0.8 0.7 1.5 1.5 1.5 1.2 0 1.5 1.7 1.5 9.5 l0 9.5 -25.5 0 c-22 0 -25.5 -0.2 -25.5 -1.5 0 -1.2 -1.6 -1.5 -8 -1.5 l-8 0 0 -8 0 -8 -8 0 -8 0 0 -8 0 -8 -8 0 -8 0 0 8 0 8 -8 0 -8 0 0 8 0 8 -8 0 c-6.4 0 -8 0.3 -8 1.5 0 1.3 -3.5 1.5 -25.5 1.5 l-25.5 0 0 -9.5z"/>
 </g>
 <g fill="#6ca0ce">
  <path d="M157 465.5 c0 -0.8 0.7 -1.5 1.5 -1.5 1.2 0 1.5 -1.6 1.5 -8 l0 -8 8 0 8 0 0 -8 0 -8 8 0 8 0 0 -8 0 -8 8 0 8 0 0 8 0 8 -8 0 -8 0 0 8 0 8 -8 0 -8 0 0 8 c0 6.4 0.3 8 1.5 8 0.8 0 1.5 0.7 1.5 1.5 0 1.2 -1.9 1.5 -11 1.5 -9.1 0 -11 -0.3 -11 -1.5z"/>
  <path d="M349 465.5 c0 -0.8 0.7 -1.5 1.5 -1.5 1.2 0 1.5 -1.6 1.5 -8 l0 -8 -8 0 -8 0 0 -8 0 -8 -8 0 -8 0 0 -8 0 -8 8 0 8 0 0 8 0 8 8 0 8 0 0 8 0 8 8 0 8 0 0 8 c0 6.4 0.3 8 1.5 8 0.8 0 1.5 0.7 1.5 1.5 0 1.2 -1.9 1.5 -11 1.5 -9.1 0 -11 -0.3 -11 -1.5z"/>
  <path d="M256 360 l0 -40 8 0 8 0 0 40 0 40 -8 0 -8 0 0 -40z"/>
  <path d="M128 336 l0 -16 8 0 8 0 0 -8 0 -8 8 0 8 0 0 -8 0 -8 8 0 8 0 0 8 0 8 -8 0 -8 0 0 8 0 8 -8 0 -8 0 0 16 0 16 -8 0 -8 0 0 -16z"/>
  <path d="M384 336 l0 -16 -8 0 -8 0 0 -8 0 -8 -8 0 -8 0 0 -8 0 -8 8 0 8 0 0 8 0 8 8 0 8 0 0 8 0 8 8 0 8 0 0 16 0 16 -8 0 -8 0 0 -16z"/>
 </g>
 <g fill="#ffffff">
  <path d="M140 488 c0 -7.3 0.2 -8 2 -8 1.3 0 2 -0.7 2 -2 0 -1.8 0.8 -2 13.8 -2.2 l13.7 -0.3 0.3 -5.7 0.3 -5.8 25.9 0 26 0 0 16 0 16 -42 0 -42 0 0 -8z"/>
  <path d="M304 480 l0 -16 25 0 24.9 0 0.3 5.8 0.3 5.7 14.8 0.3 c13.9 0.2 14.7 0.4 14.7 2.2 0 1.1 0.5 2 1 2 0.6 0 1 3.3 1 8 l0 8 -41 0 -41 0 0 -16z"/>
 </g>
 <g fill="#eeeeef">
  <path d="M112 488 l0 -8 15.5 0 15.5 0 0 8 0 8 -15.5 0 -15.5 0 0 -8z"/>
  <path d="M382.8 487.8 l-0.3 -8.3 -15.5 -0.5 -15.5 -0.5 -0.3 -7.2 -0.3 -7.3 16.6 0 16.5 0 0 8 0 8 16 0 16 0 0 8 0 8 -16.5 0 -16.4 0 -0.3 -8.2z"/>
  <path d="M144 471.5 l0 -7.5 15.5 0 15.6 0 -0.3 7.3 -0.3 7.2 -15.2 0.3 -15.3 0.3 0 -7.6z"/>
 </g>
</svg>


--------------------
