Rare Shirt Logos:

used on any outline except mermaid, but must have one of these traits as true to trigger the designs:
BASE: T-SHIRT or LONG SLEEVE | base + D4 = 4, 7 + logo trigger
ARM OUT: LONG SLEEVE 
FEMALE/FEMALE HEEL: T-SHIRT | Female or female heel + D4 = 0, 4, 7 + logo trigger 


BTC Machine Logo: Block TX Count under 1k, and base outline has D4 = 4 or 7. can be any of the arm out shirts.

<?xml version="1.0" encoding="utf-8"?>
<!DOCTYPE svg PUBLIC "-//W3C//DTD SVG 1.0//EN" "http://www.w3.org/TR/2001/REC-SVG-20010904/DTD/svg10.dtd">
<svg version="1.0" xmlns="http://www.w3.org/2000/svg" width="512px" height="512px" viewBox="0 0 512 512" preserveAspectRatio="xMidYMid meet">
 <g fill="#191919">
  <path d="M271 376 l0 -8 -16 0 -16 0 0 -16 0 -16 8 0 8 0 0 8 0 8 24 0 24 0 0 8 0 8 -8 0 -8 0 0 8 0 8 -8 0 -8 0 0 -8z"/>
 </g>
</svg>



Female and Female Heel BTC MACHINE SVG: Block TX Count under 1k and Female/female heel + D4 = 0, 4, 7 

<?xml version="1.0" encoding="utf-8"?>
<!DOCTYPE svg PUBLIC "-//W3C//DTD SVG 1.0//EN" "http://www.w3.org/TR/2001/REC-SVG-20010904/DTD/svg10.dtd">
<svg version="1.0" xmlns="http://www.w3.org/2000/svg" width="512px" height="512px" viewBox="0 0 512 512" preserveAspectRatio="xMidYMid meet">
 <g fill="#191919">
  <path d="M248 387.5 l0 -6.5 -13.5 0 -13.5 0 0 -14 0 -14 7 0 7 0 0 6.5 0 6.5 20.5 0 20.5 0 0 7.5 0 7.5 -6.5 0 -6.5 0 0 6.5 0 6.5 -7.5 0 -7.5 0 0 -6.5z"/>
 </g>
</svg>









Pup Shirt: Block TX Count between 1k-2k, and D4 = 4 or 7 for base.  Block TX Count between 1k-2k, and D4 = 0, 4, 7 for female/female heel.


Base ONLY Pup SVG: 

<?xml version="1.0" encoding="utf-8"?>
<!DOCTYPE svg PUBLIC "-//W3C//DTD SVG 1.0//EN" "http://www.w3.org/TR/2001/REC-SVG-20010904/DTD/svg10.dtd">
<svg version="1.0" xmlns="http://www.w3.org/2000/svg" width="512px" height="512px" viewBox="0 0 512 512" preserveAspectRatio="xMidYMid meet">
 <g fill="#000101">
  <path d="M249 375 c0 -0.5 -1.1 -1 -2.5 -1 -1.4 0 -2.5 -0.4 -2.5 -1 0 -0.5 -0.9 -1 -2 -1 -1.6 0 -2 -0.7 -2 -3.3 0 -2.1 -0.7 -3.8 -2 -4.7 -1.4 -1 -2 -2.6 -2 -5.2 0 -2.1 0.4 -3.8 0.9 -3.8 0.5 0 1.1 -1 1.3 -2.2 l0.3 -2.3 26.3 -0.3 c25.4 -0.2 26.2 -0.2 26.2 1.7 0 1.1 0.9 2.3 2 2.6 3.6 1.1 2.1 13.5 -1.6 13.5 -0.5 0 -1.6 0.9 -2.4 2 -0.8 1.1 -2.2 2 -3.2 2 -1 0 -1.8 0.5 -1.8 1 0 0.6 -1.6 1 -3.5 1 -1.9 0 -3.5 0.5 -3.5 1 0 0.6 -5.3 1 -14 1 -8.7 0 -14 -0.4 -14 -1z m22 -11 c0 -0.5 -0.9 -1 -1.9 -1 -1.1 0 -2.2 -0.6 -2.4 -1.2 -0.3 -0.7 -0.6 -0.3 -0.6 1 -0.1 1.7 0.5 2.2 2.4 2.2 1.4 0 2.5 -0.4 2.5 -1z"/>
 </g>
 <g fill="#002f33">
  <path d="M236 366 c0 -0.5 -1.8 -1 -4 -1 -2.2 0 -4 -0.4 -4 -0.9 0 -0.5 -1.1 -1.2 -2.5 -1.5 -2.4 -0.6 -2.5 -1 -2.5 -8.4 0 -7 0.3 -8 2.9 -10.9 1.6 -1.8 3.6 -3.3 4.5 -3.3 0.9 0 1.6 -0.4 1.6 -1 0 -0.5 0.5 -1 1 -1 0.6 0 2.2 -1.1 3.6 -2.5 1.4 -1.4 3.3 -2.5 4.2 -2.5 1 0 2.4 -0.9 3.2 -2 0.8 -1.1 2.5 -2 3.7 -2 1.3 0 2.3 -0.4 2.3 -1 0 -0.5 1.6 -1 3.5 -1 1.9 0 3.5 -0.4 3.5 -1 0 -0.5 2 -1 4.5 -1 2.5 0 4.5 -0.4 4.5 -1 0 -0.5 1.1 -1 2.5 -1 1.4 0 2.5 0.5 2.5 1 0 0.6 1.6 1 3.5 1 1.9 0 3.5 0.5 3.5 1 0 0.6 1.1 1 2.5 1 1.4 0 2.5 0.5 2.5 1 0 0.6 1.1 1 2.5 1 1.4 0 2.5 0.5 2.5 1 0 0.6 0.8 1 1.8 1 1 0 2.4 0.9 3.2 2 0.9 1.3 2.6 2 4.6 2 1.8 0 3.9 0.7 4.8 1.5 0.8 0.8 2.2 1.5 3.1 1.5 0.9 0 1.8 1.2 2.2 3 0.3 1.7 0.9 3 1.4 3 0.5 0 0.9 1.6 0.9 3.5 0 1.9 -0.4 3.5 -1 3.5 -0.5 0 -1 0.6 -1 1.4 0 2.4 -5.6 7.6 -8.3 7.6 -1.4 0 -2.7 0.7 -3.1 1.5 -0.9 2.4 -4.6 1.9 -4.6 -0.6 0 -1.1 -0.9 -2.8 -2 -3.7 -1.2 -1.1 -2.5 -4 -3.2 -7.7 -0.6 -3.3 -1.7 -6.6 -2.4 -7.3 -0.9 -0.8 -4.9 -1.2 -12.8 -1.2 -7.1 0 -11.6 -0.4 -11.6 -1 0 -0.5 -2 -1 -4.5 -1 -2.5 0 -4.5 0.5 -4.5 1 0 0.6 -0.9 1 -2 1 -1.6 0 -2 0.7 -2 3.5 0 1.9 -0.4 3.5 -1 3.5 -0.5 0 -1 1.1 -1 2.4 0 1.5 -0.7 2.6 -2 2.9 -1.2 0.3 -2 1.4 -2 2.5 0 1.1 -0.6 2.2 -1.2 2.4 -0.9 0.3 -0.8 0.9 0.5 2.2 2.1 2.1 2.1 3.3 0.3 5.2 -1.7 1.6 -4.6 1.9 -4.6 0.4z"/>
 </g>
 <g fill="#7f5a2d">
  <path d="M259 383 c0 -0.5 -1.1 -1 -2.5 -1 -1.4 0 -2.5 -0.4 -2.5 -1 0 -0.5 -0.9 -1 -2 -1 -1.1 0 -2 -0.4 -2 -1 0 -0.5 -0.7 -1 -1.5 -1 -0.8 0 -1.5 -0.4 -1.5 -1 0 -0.5 -0.7 -1 -1.5 -1 -2.8 0 -9.5 -6.4 -9.5 -9 0 -1.7 -0.7 -2 -4 -2 -2.2 0 -4 -0.4 -4 -1 0 -0.5 -1.6 -1.2 -3.5 -1.6 l-3.5 -0.6 0 -6.4 c0 -3.6 0.4 -6.4 1 -6.4 0.6 0 1 -0.6 1 -1.2 0 -1.9 5.9 -8.2 6.8 -7.3 0.4 0.4 0.1 1 -0.5 1.2 -0.7 0.3 -1.3 1.1 -1.3 1.9 0 0.8 -0.4 1.4 -1 1.4 -0.6 0 -1 3 -1 7 0 6.2 0.3 7.4 2.5 9.5 3 3.1 7.1 3.2 9.8 0.3 1.3 -1.6 2.1 -1.9 2.4 -1 0.3 0.6 1.3 1.2 2.4 1.2 1.2 0 1.9 0.7 1.9 2 0 1.1 -0.4 2 -1 2 -0.5 0 -1 0.7 -1 1.5 0 0.8 0.9 1.5 2 1.5 1.1 0 2 0.5 2 1 0 0.6 1.1 1 2.5 1 1.4 0 2.5 0.4 2.5 0.8 0 1.2 17.4 3.6 21.4 2.9 2 -0.3 4.8 -1.7 6.3 -3.1 1.5 -1.4 3.2 -2.6 3.8 -2.6 0.6 0 1.7 -0.9 2.5 -2 0.8 -1.1 1.8 -2 2.3 -2 1.2 0 3.7 -2.7 3.7 -3.9 0 -0.6 1.2 -1.1 2.6 -1.1 2.2 0 2.4 0.3 1.8 2.3 -0.3 1.2 -1.1 2.4 -1.5 2.5 -0.5 0.2 -0.9 1.2 -0.9 2.3 0 1 -0.4 1.9 -1 1.9 -0.5 0 -1 0.8 -1 1.8 0 1 -0.9 2.4 -2 3.2 -1.1 0.8 -2 2 -2 2.7 0 0.7 -0.7 1.3 -1.5 1.3 -0.8 0 -1.5 0.5 -1.5 1 0 0.6 -0.9 1 -2 1 -1.1 0 -2 0.5 -2 1 0 0.6 -1.3 1 -3 1 -1.6 0 -3 0.5 -3 1 0 0.6 -3.3 1 -8 1 -4.7 0 -8 -0.4 -8 -1z"/>
  <path d="M246 364.5 c0 -0.8 0.5 -1.5 1 -1.5 0.6 0 1 0.7 1 1.5 0 0.8 -0.4 1.5 -1 1.5 -0.5 0 -1 -0.7 -1 -1.5z"/>
  <path d="M289.3 357.3 c-0.7 -0.2 -1.3 -1.3 -1.3 -2.3 0 -1.3 -1 -2 -3.8 -2.5 -2.1 -0.3 -4.5 -1.5 -5.2 -2.6 -0.8 -1 -2.2 -1.9 -3.2 -1.9 -1 0 -1.8 -0.4 -1.8 -0.9 0 -1.6 -5.6 -2.3 -9.4 -1.2 -3.6 0.9 -6.6 3.2 -6.6 4.9 0 1.1 -5.7 2.2 -11.7 2.2 l-4.3 0 0 -4 c0 -2.2 0.5 -4 1 -4 0.6 0 1 -1.6 1 -3.5 0 -2.8 0.4 -3.5 2 -3.5 1.1 0 2 -0.4 2 -1 0 -0.6 3.2 -1 7.5 -1 4.3 0 7.5 0.4 7.5 1 0 0.6 4.5 1 11.6 1 8.7 0 11.9 0.4 13 1.4 0.8 0.8 1.7 4.2 2.1 7.5 0.3 3.4 1 6.1 1.4 6.1 0.5 0 0.9 1.1 0.9 2.5 0 2.5 -0.4 2.8 -2.7 1.8z"/>
  <path d="M307.1 350.8 c0 -2.1 -0.5 -3.8 -1.1 -3.8 -0.5 0 -1 -1.4 -1 -3.1 0 -2 -0.8 -3.9 -2.2 -5 -1.1 -1.1 -1.8 -2.2 -1.3 -2.7 0.4 -0.4 1 -0.1 1.2 0.6 0.3 0.6 1.3 1.2 2.4 1.2 1 0 1.9 0.4 1.9 1 0 0.5 1.1 2 2.5 3.4 2.6 2.6 3.2 4.6 1.5 4.6 -0.5 0 -1 0.9 -1 2 0 1.1 -0.4 2 -0.9 2 -0.5 0 -1.2 0.8 -1.4 1.8 -0.3 0.9 -0.5 0 -0.6 -2z"/>
  <path d="M266 324 c0 -0.5 1.1 -1 2.5 -1 1.4 0 2.5 0.5 2.5 1 0 0.6 -1.1 1 -2.5 1 -1.4 0 -2.5 -0.4 -2.5 -1z"/>
 </g>
 <g fill="#ffdeb6">
  <path d="M259 377.3 c-2.8 -0.5 -5 -2.1 -5 -3.4 0 -0.5 4.5 -0.9 10 -0.9 6 0 10 -0.4 10 -1 0 -0.5 1.6 -1 3.5 -1 1.9 0 3.5 -0.4 3.5 -1 0 -0.5 0.9 -1 1.9 -1 1.1 0 2.1 -0.6 2.4 -1.2 0.2 -0.8 0.8 -0.9 1.3 -0.4 0.5 0.5 0.4 1.1 -0.3 1.3 -0.7 0.3 -1.3 1.1 -1.3 1.9 0 0.8 -1.2 2.7 -2.7 4.2 -2.5 2.5 -3.4 2.7 -11.8 2.9 -4.9 0 -10.1 -0.1 -11.5 -0.4z"/>
  <path d="M252 367 c0 -0.5 -1.3 -1 -3 -1 -2 0 -3 -0.5 -3 -1.5 0 -1.2 1.5 -1.5 7.3 -1.5 8.2 0 9.1 -0.4 10.1 -4.2 0.8 -3.5 5.1 -4 6.1 -0.8 0.3 1.1 1.5 2 2.6 2 1 0 1.9 0.5 1.9 1 0 0.6 2 1 4.5 1 2.5 0 4.5 0.5 4.5 1 0 0.6 -0.7 1 -1.5 1 -0.8 0 -1.5 0.5 -1.5 1 0 0.6 -1.3 1 -3 1 -1.6 0 -3 0.5 -3 1 0 0.6 -4.3 1 -11 1 -6.7 0 -11 -0.4 -11 -1z"/>
  <path d="M272 356.9 c0 -3 -3 -3.9 -12.4 -3.9 -8.9 0 -9.6 -0.1 -9.6 -2 0 -1.5 0.7 -2 2.5 -2 1.4 0 2.5 -0.5 2.5 -1.1 0 -2.2 4.2 -4.8 8.7 -5.5 5.3 -0.8 12.6 0.1 13.1 1.5 0.2 0.6 1.1 1.1 2.1 1.1 0.9 0 2.3 0.9 3.1 2 0.8 1.1 2.2 2 3.2 2 1.1 0 1.8 0.7 1.8 2 0 1.8 -0.7 2 -7.5 2 -4.3 0 -7.5 0.4 -7.5 1 0 0.6 0.5 1 1.1 1 0.5 0 0.8 0.4 0.4 0.9 -0.3 0.5 0.3 1.2 1.2 1.4 1.4 0.4 1.3 0.5 -0.4 0.6 -1.3 0 -2.3 -0.4 -2.3 -1z"/>
  <path d="M288 355 c0 -1.1 0.5 -2 1 -2 0.6 0 1 0.9 1 2 0 1.1 -0.4 2 -1 2 -0.5 0 -1 -0.9 -1 -2z"/>
  <path d="M225.2 352 c0 -1.9 0.2 -2.7 0.5 -1.7 0.2 0.9 0.2 2.5 0 3.5 -0.3 0.9 -0.5 0.1 -0.5 -1.8z"/>
 </g>
 <g fill="#ffffff">
  <path d="M242 359.1 c0 -0.5 0.6 -1.2 1.3 -1.4 0.9 -0.4 0.8 -0.8 -0.3 -1.6 -0.8 -0.5 -1.1 -1.3 -0.8 -1.7 0.4 -0.3 1.9 0.6 3.3 2.1 1.5 1.4 2.4 2.9 2.1 3.3 -0.4 0.3 -1.2 0 -1.7 -0.8 -0.8 -1.1 -1.2 -1.2 -1.6 -0.2 -0.5 1.4 -2.3 1.6 -2.3 0.3z"/>
  <path d="M272 356.6 c0 -0.8 -0.6 -1.6 -1.2 -1.9 -0.7 -0.2 -1 -0.8 -0.6 -1.2 0.4 -0.4 1.4 0 2.3 0.9 0.9 0.9 2.1 1.6 2.6 1.6 0.5 0 0.9 0.5 0.9 1 0 0.6 -0.9 1 -2 1 -1.1 0 -2 -0.6 -2 -1.4z"/>
  <path d="M237.3 339.3 c-1.2 -1.5 -2 -2.9 -1.8 -3.1 0.4 -0.5 5.5 4.4 5.5 5.3 0 1.3 -1.7 0.3 -3.7 -2.2z"/>
 </g>
</svg>







Female and Female Heel Pup SVG: 

<?xml version="1.0" encoding="utf-8"?>
<!DOCTYPE svg PUBLIC "-//W3C//DTD SVG 1.0//EN" "http://www.w3.org/TR/2001/REC-SVG-20010904/DTD/svg10.dtd">
<svg version="1.0" xmlns="http://www.w3.org/2000/svg" width="512px" height="512px" viewBox="0 0 512 512" preserveAspectRatio="xMidYMid meet">
 <g fill="#000101">
  <path d="M232.3 385.3 c-1.3 -0.2 -2.3 -0.9 -2.3 -1.4 0 -0.5 -0.9 -0.9 -2 -0.9 -1.6 0 -2 -0.7 -2 -3.5 0 -1.9 -0.4 -3.5 -1 -3.5 -0.5 0 -1 -0.7 -1 -1.5 0 -0.8 -0.4 -1.5 -1 -1.5 -0.5 0 -1 -1.8 -1 -4 0 -3 0.5 -4.2 1.8 -4.7 0.9 -0.4 1.9 -1 2.2 -1.4 0.3 -0.4 11.6 -0.8 25.3 -1.1 l24.7 -0.3 0 3.1 c0 1.7 -0.3 5.2 -0.6 7.8 -0.5 3.6 -1.1 4.6 -2.5 4.6 -1.4 0 -1.9 0.7 -1.9 2.5 0 1.8 -0.5 2.5 -2 2.5 -1.1 0 -2 0.5 -2 1 0 0.6 -1.3 1 -3 1 -1.6 0 -3 0.5 -3 1 0 1 -23.9 1.2 -28.7 0.3z m22.7 -10.3 c0 -0.5 -0.9 -1 -1.9 -1 -1.1 0 -2.2 -0.6 -2.4 -1.2 -0.3 -0.7 -0.6 -0.3 -0.6 1 -0.1 1.7 0.5 2.2 2.4 2.2 1.4 0 2.5 -0.4 2.5 -1z"/>
 </g>
 <g fill="#1c1c1c">
  <path d="M222 377 c0 -0.5 -1.6 -1 -3.5 -1 -1.9 0 -3.5 -0.4 -3.5 -1 0 -0.5 -1.1 -1.2 -2.5 -1.6 -2.3 -0.6 -2.5 -1.1 -2.5 -5.9 0 -3 0.4 -6.4 0.9 -7.7 1.3 -3.3 4.6 -6.8 6.5 -6.8 0.9 0 1.6 -0.4 1.6 -1 0 -0.5 0.9 -1 2 -1 1.3 0 2 -0.7 2 -2 0 -1.3 0.9 -2.2 2.8 -2.6 1.5 -0.4 3.4 -1.6 4.3 -2.6 1.1 -1.1 3.7 -2.1 6.8 -2.5 2.8 -0.3 5.1 -1 5.1 -1.4 0 -0.5 1.8 -0.9 4 -0.9 2.2 0 4 -0.4 4 -1 0 -0.5 1.1 -1 2.5 -1 1.4 0 2.5 0.5 2.5 1 0 0.6 1.4 1 3 1 1.7 0 3 0.5 3 1 0 0.6 1.1 1 2.5 1 1.4 0 2.5 0.4 2.5 0.9 0 0.5 1.7 1.1 3.8 1.4 2.1 0.4 4.4 1.5 5.2 2.7 0.9 1.3 2.6 2 4.6 2 1.8 0 3.9 0.7 4.8 1.5 0.8 0.8 2.2 1.5 3 1.5 1 0 1.6 0.9 1.6 2.5 0 1.4 0.5 2.5 1 2.5 0.6 0 1 1.6 1 3.5 0 1.9 -0.4 3.5 -0.9 3.5 -0.5 0 -1.2 1.1 -1.5 2.4 -0.9 3.5 -3.3 5.6 -6.6 5.6 -1.6 0 -3 0.7 -3.4 1.5 -0.3 0.9 -1.8 1.5 -3.7 1.5 l-3.2 0 0.7 -4.9 c0.6 -4.6 0.5 -4.9 -1.4 -4.4 -1.5 0.4 -2 0 -2 -1.3 0 -1.1 -0.5 -3.6 -1.1 -5.6 l-1 -3.8 -11.4 0 c-7 0 -11.5 -0.4 -11.5 -1 0 -0.5 -1.6 -1 -3.5 -1 -1.9 0 -3.5 0.5 -3.5 1 0 0.6 -0.9 1 -2 1 -1.6 0 -2 0.7 -2 3 0 1.7 -0.5 3 -1 3 -0.6 0 -0.8 1.1 -0.4 2.5 0.5 2 0.2 2.5 -1.2 2.5 -1.6 0 -1.5 0.2 0.4 2 2.9 2.7 2.8 3.5 -0.4 3.6 -1.8 0.2 -2.4 -0.2 -2 -1.2 0.7 -1.8 -1.3 -2.9 -2.7 -1.5 -0.9 0.9 -0.9 1.4 -0.1 1.9 2.1 1.3 2.6 5.1 1 6.7 -1.7 1.7 -4.6 2 -4.6 0.5z"/>
 </g>
 <g fill="#7f5a2d">
  <path d="M244 393 c0 -0.5 -1.1 -1 -2.5 -1 -1.4 0 -2.5 -0.4 -2.5 -1 0 -0.5 -0.9 -1 -2 -1 -1.1 0 -2 -0.4 -2 -1 0 -0.5 -0.7 -1 -1.5 -1 -0.8 0 -1.5 -0.4 -1.5 -0.9 0 -0.5 -1.1 -1.2 -2.5 -1.5 -3.2 -0.8 -7.5 -5.2 -7.5 -7.6 0 -1.6 -0.7 -2 -3.1 -2 -1.7 0 -3.7 -0.7 -4.5 -1.5 -0.9 -0.8 -2.4 -1.5 -3.5 -1.5 -1.7 0 -1.9 -0.7 -1.9 -6 0 -3.3 0.4 -6 1 -6 0.6 0 1 -0.6 1 -1.2 0 -1.8 4.9 -7.3 5.7 -6.5 0.3 0.4 -0.4 1.5 -1.5 2.6 -1.8 1.5 -2.2 2.9 -2.2 8 0 5.2 0.4 6.6 2.5 8.6 1.3 1.4 3.4 2.5 4.5 2.5 2.3 0 5 -2.1 5 -3.9 0 -0.6 0.5 -1.1 1 -1.1 0.6 0 1 0.6 1 1.4 0 0.8 1.5 1.7 3.5 2 4.1 0.8 4.9 3.6 1 3.6 -1.6 0 -2.5 0.6 -2.5 1.5 0 0.8 0.9 1.5 1.9 1.5 1.1 0 2.1 0.4 2.3 0.9 0.4 1.3 19.6 4.4 23.4 3.8 1.9 -0.3 4.6 -1.7 6.1 -3.1 1.5 -1.4 3.4 -2.6 4.2 -2.6 0.9 0 1.2 -0.8 0.9 -2.5 -0.4 -2.1 -0.1 -2.5 1.8 -2.5 2 0 2.4 -0.5 2.4 -3 0 -1.6 0.5 -3 1 -3 0.6 0 1 0.7 1 1.5 0 0.9 1 1.5 2.6 1.5 2.2 0 2.4 0.3 1.8 2.3 -0.4 1.2 -1 2.4 -1.4 2.7 -0.4 0.3 -1.1 2 -1.5 3.8 -0.4 1.8 -1.5 3.8 -2.6 4.5 -1 0.6 -1.9 1.7 -1.9 2.4 0 0.7 -0.7 1.3 -1.5 1.3 -0.8 0 -1.5 0.5 -1.5 1 0 0.6 -0.9 1 -2 1 -1.1 0 -2 0.5 -2 1 0 0.6 -1.1 1 -2.5 1 -1.4 0 -2.5 0.5 -2.5 1 0 0.6 -3.2 1 -7.5 1 -4.3 0 -7.5 -0.4 -7.5 -1z"/>
  <path d="M283 370 c0 -0.5 0.6 -1 1.4 -1 0.8 0 1.6 -0.6 1.9 -1.2 0.2 -0.7 0.7 -1 1.1 -0.7 0.8 0.7 -2.1 3.9 -3.5 3.9 -0.5 0 -0.9 -0.4 -0.9 -1z"/>
  <path d="M228 367 c0 -1.3 1.1 -1.3 3 0 1.2 0.8 1.1 1 -0.7 1 -1.3 0 -2.3 -0.4 -2.3 -1z"/>
  <path d="M288.1 362.8 c0 -2.1 -0.5 -3.8 -1.1 -3.8 -0.5 0 -1 -1.3 -1 -2.9 0 -1.6 -0.7 -3.7 -1.6 -4.6 -0.9 -0.9 -1.3 -1.9 -0.9 -2.3 0.4 -0.4 1 -0.1 1.2 0.6 0.3 0.6 1.3 1.2 2.4 1.2 1 0 1.9 0.6 1.9 1.3 0 0.7 0.9 1.9 2 2.7 2.1 1.5 2.8 5 1 5 -0.5 0 -1 0.7 -1 1.5 0 0.8 -0.4 1.5 -0.9 1.5 -0.5 0 -1.2 0.8 -1.4 1.8 -0.3 0.9 -0.5 0 -0.6 -2z"/>
  <path d="M228 361 c0 -2.2 0.5 -4 1 -4 0.6 0 1 -1.3 1 -3 0 -2.3 0.4 -3 2 -3 1.1 0 2 -0.4 2 -1 0 -0.6 2.8 -1 6.5 -1 3.7 0 6.5 0.4 6.5 1 0 0.6 4.5 1 11.5 1 l11.4 0 1 3.8 c0.6 2 1.1 5.2 1.1 7.1 l0 3.4 -4.2 -0.7 c-2.3 -0.4 -4.8 -1.4 -5.7 -2.4 -2.8 -2.9 -5.9 -4.2 -10.4 -4.2 -4.3 0 -8.7 2.4 -8.7 4.7 0 1.2 -5.6 2.3 -11.2 2.3 -3.8 0 -3.8 0 -3.8 -4z"/>
  <path d="M250 338 c0 -0.5 1.1 -1 2.5 -1 1.4 0 2.5 0.5 2.5 1 0 0.6 -1.1 1 -2.5 1 -1.4 0 -2.5 -0.4 -2.5 -1z"/>
 </g>
 <g fill="#ffdeb6">
  <path d="M244 387.3 c-2.8 -0.5 -5 -2.1 -5 -3.4 0 -0.5 4.3 -0.9 9.5 -0.9 5.7 0 9.5 -0.4 9.5 -1 0 -0.5 1.4 -1 3 -1 1.7 0 3 -0.4 3 -1 0 -0.5 0.9 -1 2 -1 1.3 0 2 -0.7 2 -2 0 -1.3 -0.7 -2 -2 -2 -1.1 0 -2 0.5 -2 1 0 0.6 -1.3 1 -3 1 -1.6 0 -3 0.5 -3 1 0 0.6 -4.2 1 -10.5 1 -6.3 0 -10.5 -0.4 -10.5 -1 0 -0.5 -1.3 -1 -3 -1 -2 0 -3 -0.5 -3 -1.5 0 -1.2 1.4 -1.5 6.8 -1.5 7.7 0 8.6 -0.5 9.6 -4.2 0.8 -3.5 5.1 -4 6.1 -0.8 0.3 1.1 1.5 2 2.6 2 1 0 1.9 0.7 1.9 1.5 0 1.2 1.3 1.5 6 1.5 l6 0 0 3 c0 1.7 -0.4 3 -1 3 -0.5 0 -1 0.5 -1 1 0 0.6 -1.2 2.3 -2.7 3.8 -2.5 2.5 -3.4 2.7 -10.8 2.9 -4.4 0 -9.1 -0.1 -10.5 -0.4z"/>
  <path d="M212.2 364 c0 -1.9 0.2 -2.7 0.5 -1.7 0.2 0.9 0.2 2.5 0 3.5 -0.3 0.9 -0.5 0.1 -0.5 -1.8z"/>
  <path d="M235 363 c0 -1.5 0.7 -2 2.5 -2 1.4 0 2.5 -0.5 2.5 -1.1 0 -0.7 1 -2 2.2 -3 1.6 -1.5 3.7 -1.9 9.5 -1.9 7.3 0 10.3 1 13.4 4.3 0.9 0.9 2.4 1.7 3.3 1.7 0.9 0 1.6 0.8 1.6 2 0 1.9 -0.7 2 -17.5 2 -16.8 0 -17.5 -0.1 -17.5 -2z"/>
 </g>
 <g fill="#f7f7f7">
  <path d="M228 369.9 c0 -0.4 0.6 -1 1.3 -1.2 1 -0.4 1 -0.6 0 -0.6 -1.4 -0.1 -1.8 -2.1 -0.5 -2.1 1 0 5.2 3.4 5.2 4.2 0 0.3 -1.3 0.5 -3 0.5 -1.6 0 -3 -0.4 -3 -0.8z"/>
  <path d="M256 368.6 c0 -0.8 -0.6 -1.7 -1.2 -1.9 -0.8 -0.4 -0.7 -0.6 0.4 -0.6 2.6 -0.1 4.8 1 4.8 2.5 0 0.8 -0.9 1.4 -2 1.4 -1.1 0 -2 -0.6 -2 -1.4z"/>
  <path d="M215.3 363 c0 -2.5 0.2 -3.5 0.4 -2.2 0.2 1.2 0.2 3.2 0 4.5 -0.2 1.2 -0.4 0.2 -0.4 -2.3z"/>
  <path d="M224.1 353.4 c-1.8 -2.1 -0.6 -3 1.4 -1.1 0.8 0.9 1.5 1.8 1.5 2.1 0 1.1 -1.5 0.5 -2.9 -1z"/>
 </g>
</svg>
