getShirtSVG() {
               if (this.saiyanMode || this.natmanMode || this.rareClothing) return '';
         
               const shirtType = this.getShirtType();
               const shirtColor = this.getShirtColor();
         
               switch (shirtType) {
                 case "Professional":
                   return this.getProfessionalShirtSVG(shirtColor);
                 case "Dress Shirt":
                   return this.getDressShirtSVG(shirtColor);
                 case "Jacket":
                   return this.getJacketSVG(shirtColor);
                 case "Jersey":
                   return this.getJerseySVG(shirtColor);
                 case "Long Sleeve":
                   return this.getLongSleeveSVG(shirtColor);
                 case "Plaid":
                   return this.getPlaidSVG(shirtColor);
                 case "Open Shirt":
                   return this.getOpenShirtSVG(shirtColor);
                 case "Short Sleeve":
                   return this.getShortSleeveSVG(shirtColor);
                 case "Suit Top":
                   return this.getSuitTopSVG(shirtColor);
                 case "Vacation":
                   return this.getVacationShirtSVG(shirtColor);
                 default:
                   console.error("Unknown shirt type:", shirtType);
                   return '';
               }
             }
         
             getProfessionalShirtSVG(color) {
               const [color1, color2] = Array.isArray(color) ? color : [color, color];
               return `
                 <g fill="${color1}">
                   <path d="M253 385.5 l0 -30.5 -8 0 -8 0 0 -8 0 -8 -8 0 -8 0 0 -19 c0 -16.2 0.2 -19 1.5 -19 0.8 0 1.5 0.7 1.5 1.5 0 1.2 1.6 1.5 8 1.5 l8 0 0 8 c0 6.4 0.3 8 1.5 8 1.2 0 1.5 1.4 1.5 6.5 l0 6.5 8 0 8 0 0 8 0 8 5 0 5 0 0 -8 0 -8 8 0 8 0 0 -6.5 0 -6.5 11 0 11 0 0 9.5 0 9.5 -8 0 -8 0 0 8 0 8 -8 0 -8 0 0 30.5 0 30.5 -11 0 -11 0 0 -30.5z"/>
                   <path d="M160 344 l0 -8 -16 0 -16 0 0 -8 0 -8 8 0 c6.4 0 8 -0.3 8 -1.5 0 -1.2 1.7 -1.5 9.5 -1.5 l9.5 0 0 8 0 8 8 0 c6.4 0 8 0.3 8 1.5 0 0.8 -0.7 1.5 -1.5 1.5 -1.2 0 -1.5 1.6 -1.5 8 l0 8 -8 0 -8 0 0 -8z"/>
                   <path d="M352 344 c0 -6.4 -0.3 -8 -1.5 -8 -0.8 0 -1.5 -0.7 -1.5 -1.5 0 -1.2 1.6 -1.5 8 -1.5 l8 0 0 -8 0 -8 9.5 0 c7.8 0 9.5 0.3 9.5 1.5 0 1.2 1.6 1.5 8 1.5 l8 0 0 8 0 8 -16 0 -16 0 0 8 0 8 -8 0 -8 0 0 -8z"/>
                 </g>
                 <g fill="${color2}">
                   <path d="M208 368 l0 -48 -8 0 -8 0 0 8 0 8 -16 0 -16 0 0 -8 0 -8 -8 0 -8 0 0 -8 0 -8 8 0 8 0 0 -8 0 -8 32 0 32 0 0 24 0 24 8 0 c6.4 0 8 -0.3 8 -1.5 0 -0.8 0.7 -1.5 1.5 -1.5 0.8 0 1.5 0.7 1.5 1.5 0 0.8 -0.7 1.5 -1.5 1.5 -1.2 0 -1.5 1.6 -1.5 8 l0 8 8 0 c6.4 0 8 -0.3 8 -1.5 0 -0.8 0.7 -1.5 1.5 -1.5 0.8 0 1.5 0.7 1.5 1.5 0 0.8 -0.7 1.5 -1.5 1.5 -1.3 0 -1.5 4.2 -1.5 32 l0 32 -24 0 -24 0 0 -48z"/>
                   <path d="M272 384 c0 -27.8 -0.2 -32 -1.5 -32 -0.8 0 -1.5 -0.7 -1.5 -1.5 0 -0.8 0.7 -1.5 1.5 -1.5 0.8 0 1.5 0.7 1.5 1.5 0 1.2 1.6 1.5 8 1.5 l8 0 0 -8 c0 -6.4 -0.3 -8 -1.5 -8 -0.8 0 -1.5 -0.7 -1.5 -1.5 0 -0.8 0.7 -1.5 1.5 -1.5 0.8 0 1.5 0.7 1.5 1.5 0 1.2 1.6 1.5 8 1.5 l8 0 0 -8 0 -8 8 0 8 0 0 -8 0 -8 8 0 8 0 0 -8 0 -8 16 0 16 0 0 8 0 8 8 0 8 0 0 8 0 8 -8 0 -8 0 0 8 0 8 -16 0 -16 0 0 -8 0 -8 -8 0 -8 0 0 48 0 48 -24 0 -24 0 0 -32z"/>
                 </g>
                 <g fill="#ffffff">
                   <path d="M256 344 l0 -8 -8 0 -8 0 0 -8 0 -8 24 0 24 0 0 8 0 8 -8 0 -8 0 0 8 0 8 -8 0 -8 0 0 -8z"/>
                 </g>
               `;
             }
         
             getDressShirtSVG(color) {
               const [color1, color2] = Array.isArray(color) ? color : [color, color];
               return `
                 <g fill="${color1}">
                   <path d="M208 385.5 l0 -17.5 -8 0 -8 0 0 -16 0 -16 -8 0 c-5.7 0 -8 0.4 -8 1.3 0 0.9 -3.8 1.1 -16.7 0.9 -15.6 -0.4 -19.7 -0.8 -16.5 -1.9 0.8 -0.3 1.2 -3 1.2 -8.4 l0 -7.9 8 0 8 0 0 -8 0 -8 24 0 24 0 0 8 0 8 8 0 8 0 0 8 c0 6.1 0.3 8 1.4 8 1 0 1.3 1.5 1.2 5.8 l-0.1 5.7 6.8 0.3 c5.9 0.3 6.7 0.5 6.7 2.2 0 1.1 0.5 2 1 2 0.6 0 1 9.2 1 25.5 l0 25.5 -17 0 -17 0 0 -17.5z"/>
                   <path d="M252 377.5 c0 -24.8 0.1 -25.5 2 -25.5 1.3 0 2 -0.7 2 -2 0 -1.6 0.8 -1.9 5.8 -2.2 l5.7 -0.3 0.3 -5.7 0.3 -5.8 9.9 0 10 0 0 -8 0 -8 8 0 8 0 0 -8 0 -8 16 0 16 0 0 8 0 8 8 0 8 0 0 7.9 c0 5.4 0.4 8.1 1.3 8.4 3.1 1.1 -1 1.5 -16.6 1.9 -12.9 0.2 -16.7 0 -16.7 -0.9 0 -0.9 -2.3 -1.3 -8 -1.3 l-8 0 0 16 0 16 -8 0 -8 0 0 17.5 0 17.5 -18 0 -18 0 0 -25.5z"/>
                 </g>
                 <g fill="${color2}">
                   <path d="M238.8 375.8 l-0.3 -24.3 -7.5 -0.5 -7.5 -0.5 -0.3 -7.2 -0.3 -7.3 8.6 0 8.5 0 0 8 0 8 7.5 0 7.5 0 0 24 0 24 -8 0 -8 0 -0.2 -24.2z"/>
                   <path d="M128 344.2 l0 -7.9 12.2 -0.6 c6.6 -0.4 17.4 -0.7 24 -0.7 l11.8 0 0 8.5 0 8.5 -24 0 -24 0 0 -7.8z"/>
                   <path d="M320 343.5 l0 -8.5 11.8 0 c6.6 0 17.4 0.3 24 0.7 l12.2 0.6 0 7.9 0 7.8 -24 0 -24 0 0 -8.5z"/>
                   <path d="M256 343.5 l0 -7.5 7.5 0 7.6 0 -0.3 7.3 -0.3 7.2 -7.2 0.3 -7.3 0.3 0 -7.6z"/>
                 </g>
                 <g fill="#a08e7f">
                   <path d="M176 440 l0 -8 8 0 8 0 0 -8 0 -8 8 0 8 0 0 -8 0 -8 15.5 0 c13.1 0 15.5 -0.2 15.5 -1.5 0 -1.2 1.6 -1.5 8 -1.5 6.4 0 8 0.3 8 1.5 0 1.3 2.5 1.5 16.5 1.5 l16.5 0 0 8 0 8 8 0 8 0 0 8 0 8 8 0 8 0 0 8 0 8 -72 0 -72 0 0 -8z"/>
                 </g>
               `;
             }
         
             getJacketSVG(color) {
               return `
                 <g fill="${color}">
                   <path d="M208 376 l0 -56 -8 0 -8 0 0 8 0 8 -8 0 -8 0 0 16 0 16 -24 0 -24 0 0 -24 0 -24 8 0 8 0 0 -8 0 -8 8 0 8 0 0 -8 0 -8 32 0 32 0 0 8 0 8 8 0 8 0 0 8 c0 6.4 0.3 8 1.5 8 1.3 0 1.5 6 1.5 48 0 42 -0.2 48 -1.5 48 -1.2 0 -1.5 1.6 -1.5 8 l0 8 -16 0 -16 0 0 -56z"/>
                   <path d="M288 424 c0 -6.4 -0.3 -8 -1.5 -8 -1.3 0 -1.5 -6 -1.5 -48 l0 -48 17.5 0 17.5 0 0 -8 0 -8 8 0 8 0 0 -8 0 -8 16 0 16 0 0 8 0 8 8 0 8 0 0 8 0 8 8 0 8 0 0 24 0 24 -24 0 -24 0 0 -16 0 -16 -8 0 -8 0 0 -8 0 -8 -8 0 -8 0 0 56 0 56 -16 0 -16 0 0 -8z"/>
                 </g>
                 <g fill="#ffffff">
                   <path d="M240 368 l0 -48 24 0 24 0 0 48 0 48 -24 0 -24 0 0 -48z"/>
                 </g>
               `;
             }
         
             getJerseySVG(color) {
               const [color1, color2] = Array.isArray(color) ? color : [color, color];
               return `
                 <g fill="${color1}">
                   <path d="M208 352 l0 -64 8 0 8 0 0 8 0 8 8 0 8 0 0 8 0 8 40 0 40 0 0 -8 0 -8 8 0 8 0 0 8 0 8 -8 0 -8 0 0 48 0 48 -56 0 -56 0 0 -64z m50 38 l0 -6 -3 0 c-2.7 0 -3 0.3 -3 3 l0 3 -8.5 0 -8.5 0 0 -4.5 c0 -4.1 0.5 -5 4.5 -9 2.4 -2.5 4.9 -4.5 5.4 -4.5 0.6 0 3.7 -2.7 7 -5.9 5.9 -5.8 6.1 -6.2 6.1 -11.1 0 -4.5 -0.4 -5.5 -3.5 -8.5 -3.3 -3.4 -3.7 -3.5 -11 -3.5 -7.3 0 -7.7 0.1 -11 3.5 -4.4 4.3 -4.5 6.5 -0.5 6.5 2.7 0 3 -0.3 3 -3 l0 -3 8.5 0 8.5 0 0 8 c0 7.3 -0.3 8.3 -2.5 10.5 -1.3 1.4 -2.9 2.5 -3.5 2.5 -0.6 0 -3.8 2.7 -7 6 -3.2 3.3 -6.2 6 -6.5 6 -2.2 0 -3.5 3.4 -3.5 9.4 l0 6.6 14.5 0 14.5 0 0 -6z m41.5 2.5 c3.4 -3.4 3.5 -3.6 3.5 -12 0 -5 -0.4 -8.5 -1 -8.5 -0.5 0 -1 -2 -1 -4.5 0 -2.5 0.5 -4.5 1 -4.5 0.6 0 1 -2.8 1 -6.5 0 -6.2 -0.2 -6.8 -3.5 -10 -3.2 -3.3 -3.8 -3.5 -10 -3.5 -6.2 0 -6.8 0.2 -10 3.5 -4 4 -4.8 8.5 -1.5 8.5 1.6 0 2 -0.7 2 -3 l0 -3 9.5 0 9.5 0 0 8.5 0 8.5 -6 0 c-5.7 0 -6 0.1 -6 2.5 0 2.4 0.3 2.5 6 2.5 l6 0 0 9.5 0 9.5 -8.3 0 c-7.1 0 -8.5 -0.3 -9.7 -2 -1.7 -2.4 -5 -2.7 -5 -0.5 0 0.9 1.5 3.1 3.3 5 3 3.2 3.6 3.4 10 3.4 6.4 0.1 6.9 -0.1 10.2 -3.4z"/>
                 </g>
                 <g fill="${color2}">
                   <path d="M226 389.4 c0 -6.9 0.4 -9.9 1.4 -11 0.8 -0.8 1.7 -1.4 2.1 -1.4 0.3 0 3.3 -2.7 6.5 -6 3.2 -3.3 6.4 -6 7 -6 0.6 0 2.2 -1.1 3.5 -2.5 2 -1.9 2.5 -3.4 2.5 -7.5 l0 -5 -5.5 0 c-5.4 0 -5.5 0 -5.5 3 l0 3 -6 0 -6 0 0 -4.5 c0 -3.9 0.5 -5.1 3.5 -8 l3.4 -3.5 10.6 0 10.6 0 3.4 3.5 c3.4 3.4 3.5 3.6 3.5 11.5 l0 8.1 -6.1 6 c-3.3 3.2 -6.4 5.9 -7 5.9 -1.6 0 -9.9 8.8 -9.9 10.5 0 1.2 1.2 1.5 5.5 1.5 5.4 0 5.5 0 5.5 -3 l0 -3 6 0 6 0 0 9 0 9 -17.5 0 -17.5 0 0 -9.6z"/>
                   <path d="M276.3 395.5 c-2.7 -2.9 -3.3 -4.2 -3.3 -8 l0 -4.5 4.8 0 c3.6 0 5.1 0.5 6.2 2 1.1 1.6 2.6 2 6.7 2 l5.3 0 0 -6.5 0 -6.5 -6 0 -6 0 0 -5.5 0 -5.5 6 0 6 0 0 -5.5 0 -5.5 -6.5 0 -6.5 0 0 3 c0 2.9 -0.1 3 -5 3 l-5 0 0 -5.5 c0 -5 0.3 -5.9 3.5 -9 l3.4 -3.5 9.6 0 9.6 0 3.4 3.5 3.5 3.4 0 9.6 c0 5.7 -0.4 9.5 -1 9.5 -0.5 0 -1 0.7 -1 1.5 0 0.8 0.5 1.5 1 1.5 0.6 0 1 4.5 1 11.5 l0 11.6 -3.5 3.4 -3.4 3.5 -9.8 -0.1 -9.8 0 -3.2 -3.4z"/>
                 </g>
               `;
             }
         
             getLongSleeveSVG(color) {
               return `
                 <g fill="${color}">
                   <path d="M208 368 l0 -48 -8 0 -8 0 0 8 0 8 -8 0 -8 0 0 16 0 16 -24 0 -24 0 0 -24 0 -24 8 0 8 0 0 -8 0 -8 8 0 8 0 0 -8 0 -8 32 0 32 0 0 8 0 8 8 0 8 0 0 8 0 8 40 0 40 0 0 -8 0 -8 8 0 8 0 0 -8 0 -8 16 0 16 0 0 8 0 8 8 0 8 0 0 8 0 8 8 0 8 0 0 24 0 24 -24 0 -24 0 0 -16 0 -16 -8 0 -8 0 0 -8 0 -8 -8 0 -8 0 0 48 0 48 -56 0 -56 0 0 -48z"/>
                 </g>
               `;
             }
         
             getPlaidSVG(color) {
               const [color1, color2] = Array.isArray(color) ? color : [color, color];
               return `
                 <g fill="${color1}">
                   <path d="M220 409 l0 -7 -6 0 -6 0 0 -11 0 -11 6 0 6 0 0 -5 0 -5 -6 0 -6 0 0 -11 0 -11 6 0 6 0 0 -5 0 -5 -6 0 -6 0 0 -9 0 -9 -8 0 -8 0 0 8 0 8 -8 0 -8 0 0 9 0 9 -7 0 -7 0 0 7 0 7 -11 0 -11 0 0 -7 0 -7 -6 0 -6 0 0 -11 0 -11 6 0 6 0 0 -6 c0 -5.3 0.2 -6 2 -6 1.3 0 2 -0.7 2 -2 0 -1.8 0.7 -2 6 -2 l6 0 0 -6 c0 -5.3 0.2 -6 2 -6 1.3 0 2 -0.7 2 -2 0 -1.8 0.7 -2 6 -2 l6 0 0 -6 0 -6 11 0 11 0 0 6 0 6 5 0 5 0 0 -6 0 -6 10 0 10 0 0 8 0 8 8 0 8 0 0 8 c0 4.7 0.4 8 1 8 0.6 0 1 0.5 1 1 0 0.6 -3.3 1 -8 1 l-8 0 0 5 0 5 8.5 0 8.5 0 0 11 0 11 -8.5 0 -8.5 0 0 5 0 5 8.5 0 8.5 0 0 11 0 11 -8.5 0 -8.5 0 0 5 0 5 8.5 0 8.5 0 0 10 0 10 -11.5 0 -11.5 0 0 -7z m-64 -66 l0 -5 -5 0 -5 0 0 5 0 5 5 0 5 0 0 -5z m15.8 -16.2 l0.3 -4.8 -5 0 -5.1 0 0 5.1 0 5 4.8 -0.3 4.7 -0.3 0.3 -4.7z m16 -16 l0.3 -4.8 -5 0 -5.1 0 0 5.1 0 5 4.8 -0.3 4.7 -0.3 0.3 -4.7z m32 0.5 l-0.3 -4.8 -4.7 -0.3 -4.8 -0.3 0 4.4 c0 2.4 0.3 4.7 0.7 5 0.3 0.4 2.6 0.7 5 0.7 l4.4 0 -0.3 -4.7z"/>
                   <path d="M285 406 l0 -10 7.5 0 7.5 0 0 -5 0 -5 -7.5 0 -7.5 0 0 -11 0 -11 7.5 0 7.5 0 0 -5 0 -5 -7.5 0 -7.5 0 0 -11 0 -11 7.5 0 7.5 0 0 -6 0 -6 10 0 10 0 0 -8 0 -8 8 0 8 0 0 -8 0 -8 9 0 9 0 0 6 0 6 7 0 c6.3 0 7 0.2 7 2 0 1.1 0.6 2 1.4 2 1.1 0 1.3 1.3 0.9 6 l-0.6 6 7.2 0 c6.4 0 7.1 0.2 7.1 2 0 1.1 0.6 2 1.4 2 1.1 0 1.3 1.3 0.9 6 l-0.6 6 7.2 0 7.1 0 0 11 0 11 -7 0 -7 0 0 7 0 7 -11 0 -11 0 0 -7 0 -7 -6 0 -6 0 0 -9 0 -9 -8 0 -8 0 0 -8 0 -8 -8 0 -8 0 0 9 0 9 -7 0 -7 0 0 5 0 5 7 0 7 0 0 11 0 11 -7 0 -7 0 0 5 0 5 7 0 7 0 0 11 0 11 -7 0 -7 0 0 7 0 7 -10.5 0 -10.5 0 0 -10z m95 -63 l0 -5 -5 0 -5 0 0 5 0 5 5 0 5 0 0 -5z m-16 -16 l0 -5 -5 0 -5 0 0 4.3 c0 2.4 0.3 4.7 0.7 5 0.3 0.4 2.6 0.7 5 0.7 l4.3 0 0 -5z m-16 -16 l0 -5 -5 0 -5 0 0 4.3 c0 2.4 0.3 4.7 0.7 5 0.3 0.4 2.6 0.7 5 0.7 l4.3 0 0 -5z"/>
                 </g>
                 <g fill="${color2}">
                   <path d="M208 407.5 l0 -8.5 7.5 0 7.5 0 0 -8 0 -8 -7.5 0 -7.5 0 0 -8 0 -8 7.5 0 7.5 0 0 -8 0 -8 -7.5 0 -7.5 0 0 -8 0 -8 7.5 0 7.5 0 0 -7.5 0 -7.5 -7.5 0 -7.5 0 0 -8 0 -8 8 0 8 0 0 -8 0 -8 -8 0 -8 0 0 -7.5 0 -7.5 8 0 8 0 0 7.5 0 7.5 8 0 8 0 0 -8 0 -8 -8 0 -8 0 0 -7.5 0 -7.5 8 0 8 0 0 7.5 0 7.5 8 0 8 0 0 -7.5 0 -7.5 8 0 8 0 0 7.5 0 7.4 7.8 0.3 7.7 0.3 0.3 7.8 0.3 7.7 7.7 0 c12.6 0 12.2 -0.3 12.2 10.1 0 7.2 -0.3 8.9 -1.5 8.9 -0.8 0 -1.5 -0.7 -1.5 -1.5 0 -1.2 -1.6 -1.5 -8.5 -1.5 l-8.5 0 0 8 0 8 8.5 0 c6.9 0 8.5 -0.3 8.5 -1.5 0 -0.8 0.7 -1.5 1.5 -1.5 1.2 0 1.5 1.9 1.5 11 0 9.1 -0.3 11 -1.5 11 -0.8 0 -1.5 -0.7 -1.5 -1.5 0 -1.2 -1.6 -1.5 -8.5 -1.5 l-8.5 0 0 8 0 8 8.5 0 c6.9 0 8.5 -0.3 8.5 -1.5 0 -0.8 0.7 -1.5 1.5 -1.5 1.2 0 1.5 1.9 1.5 11 0 9.1 -0.3 11 -1.5 11 -0.8 0 -1.5 -0.7 -1.5 -1.5 0 -1.2 -1.6 -1.5 -8.5 -1.5 l-8.5 0 0 8.5 0 8.5 -7.5 0 -7.5 0 0 -8.5z"/>
                   <path d="M303 407.5 l0 -8.5 -7.5 0 c-6 0 -7.5 0.3 -7.5 1.5 0 0.8 -0.7 1.5 -1.5 1.5 -1.2 0 -1.5 -1.9 -1.5 -11 0 -9.1 0.3 -11 1.5 -11 0.8 0 1.5 0.7 1.5 1.5 0 1.2 1.5 1.5 7.5 1.5 l7.5 0 0 -8 0 -8 -7.5 0 c-6 0 -7.5 0.3 -7.5 1.5 0 0.8 -0.7 1.5 -1.5 1.5 -1.2 0 -1.5 -1.9 -1.5 -11 0 -9.1 0.3 -11 1.5 -11 0.8 0 1.5 0.7 1.5 1.5 0 1.2 1.5 1.5 7.5 1.5 l7.5 0 0 -8 0 -8 -7.5 0 c-6 0 -7.5 0.3 -7.5 1.5 0 0.8 -0.7 1.5 -1.5 1.5 -1.2 0 -1.5 -1.7 -1.5 -9 l0 -9 9 0 9 0 0 7.5 0 7.5 8.5 0 8.5 0 0 8 0 8 -8.5 0 -8.5 0 0 8 0 8 8.5 0 8.5 0 0 8 0 8 -8.5 0 -8.5 0 0 8 0 8 8.5 0 8.5 0 0 8.5 0 8.5 -8.5 0 -8.5 0 0 -8.5z"/>
                   <path d="M352 359.5 l0 -8.5 7.5 0 7.5 0 0 -8 0 -7.9 -7.7 -0.3 -7.8 -0.3 -0.3 -7.7 -0.3 -7.7 -7.7 -0.3 -7.7 -0.3 0 -7.5 0 -7.5 7.8 -0.3 7.7 -0.3 0 -7.4 0 -7.5 8.5 0 8.5 0 0 7.5 0 7.5 -8.5 0 -8.5 0 0 8 0 8 8 0 8 0 0 -7.5 0 -7.5 8.5 0 8.5 0 0 7.5 0 7.5 -8.5 0 -8.5 0 0 8 0 8 8 0 8 0 0 -7.5 0 -7.5 8.5 0 8.5 0 0 7.5 0 7.5 -8.5 0 -8.5 0 0 8 0 8 8.5 0 8.5 0 0 8.5 0 8.5 -8.5 0 -8.5 0 0 -8.5 0 -8.5 -8 0 -8 0 0 8.5 0 8.5 -7.5 0 -7.5 0 0 -8.5z"/>
                 </g>
                 <g fill="#ffffff">
                   <path d="M240 368 l0 -48 8 0 8 0 0 8 0 8 8 0 8 0 0 -8 0 -8 8 0 8 0 0 48 0 48 -24 0 -24 0 0 -48z"/>
                 </g>
               `;
             }
         
             getOpenShirtSVG(color) {
               return `
                 <g fill="${color}">
                   <path d="M208 368 l0 -48 -8 0 -8 0 0 8 0 8 -16 0 -16 0 0 -8 0 -8 -8 0 -8 0 0 -8 0 -8 8 0 8 0 0 -8 0 -8 32 0 32 0 0 8 0 8 8 0 8 0 0 8 c0 6.4 0.3 8 1.5 8 1.3 0 1.5 6 1.5 48 l0 48 -17.5 0 -17.5 0 0 -48z"/>
                   <path d="M285 368 l0 -48 17.5 0 17.5 0 0 -8 0 -8 8 0 8 0 0 -8 0 -8 16 0 16 0 0 8 0 8 8 0 8 0 0 8 0 8 -8 0 -8 0 0 8 0 8 -16 0 -16 0 0 -8 0 -8 -8 0 -8 0 0 48 0 48 -17.5 0 -17.5 0 0 -48z"/>
                 </g>
                 <g fill="#ffffff">
                   <path d="M240 368 l0 -48 24 0 24 0 0 48 0 48 -24 0 -24 0 0 -48z"/>
                 </g>
               `;
             }
         
             getShortSleeveSVG(color) {
               return `
                 <g fill="${color}">
                   <path d="M208 368 l0 -48 -8 0 -8 0 0 8 0 8 -8 0 -8 0 0 -8 0 -8 -16 0 -16 0 0 -8 0 -8 8 0 8 0 0 -8 0 -8 32 0 32 0 0 8 0 8 8 0 8 0 0 8 0 8 40 0 40 0 0 -8 0 -8 8 0 8 0 0 -8 0 -8 16 0 16 0 0 8 0 8 8 0 8 0 0 8 0 8 -16 0 -16 0 0 8 0 8 -8 0 -8 0 0 -8 0 -8 -8 0 -8 0 0 48 0 48 -56 0 -56 0 0 -48z"/>
                 </g>
               `;
             }
         
             getSuitTopSVG(color) {
               const [color1, color2] = Array.isArray(color) ? color : [color, color];
               return `
                 <g fill="${color1}">
                   <path d="M208 376 l0 -56 -8 0 -8 0 0 8 0 8 -8 0 -8 0 0 16 0 16 -24 0 -24 0 0 -24 0 -24 8 0 8 0 0 -8 0 -8 8 0 8 0 0 -8 0 -8 32 0 32 0 0 8 0 8 8 0 8 0 0 8 c0 6.4 0.3 8 1.5 8 1.3 0 1.5 6 1.5 48 0 42 -0.2 48 -1.5 48 -1.2 0 -1.5 1.6 -1.5 8 l0 8 -16 0 -16 0 0 -56z"/>
                   <path d="M288 424 c0 -6.4 -0.3 -8 -1.5 -8 -1.3 0 -1.5 -6 -1.5 -48 l0 -48 17.5 0 17.5 0 0 -8 0 -8 8 0 8 0 0 -8 0 -8 16 0 16 0 0 8 0 8 8 0 8 0 0 8 0 8 8 0 8 0 0 24 0 24 -24 0 -24 0 0 -16 0 -16 -8 0 -8 0 0 -8 0 -8 -8 0 -8 0 0 56 0 56 -16 0 -16 0 0 -8z"/>
                 </g>
                 <g fill="#ffffff">
                   <path d="M240 361.5 l0 -41.5 9.5 0 9.5 0 0 41.5 0 41.5 -9.5 0 -9.5 0 0 -41.5z"/>
                   <path d="M269 361.5 l0 -41.5 9.5 0 9.5 0 0 41.5 0 41.5 -9.5 0 -9.5 0 0 -41.5z"/>
                 </g>
                 <g fill="${color2}">
                   <path d="M253 401.5 c0 -0.8 0.7 -1.5 1.5 -1.5 1.3 0 1.5 -5.1 1.5 -40 l0 -40 8 0 8 0 0 40 c0 34.9 0.2 40 1.5 40 0.8 0 1.5 0.7 1.5 1.5 0 1.2 -1.9 1.5 -11 1.5 -9.1 0 -11 -0.3 -11 -1.5z"/>
                 </g>
                 <g fill="#181818">
                   <path d="M240 408 l0 -8 9.5 0 9.5 0 0 8 0 8 -9.5 0 -9.5 0 0 -8z"/>
                   <path d="M269 408 l0 -8 9.5 0 9.5 0 0 8 0 8 -9.5 0 -9.5 0 0 -8z"/>
                 </g>
                 <g fill="#dbd78f">
                   <path d="M256 408 l0 -8 8 0 8 0 0 8 0 8 -8 0 -8 0 0 -8z"/>
                 </g>
               `;
             }
         
             getVacationShirtSVG(color) {
               const [baseColor, undershirtColor, accentColor, shirtCollar] = Array.isArray(color) ? color : [color, color, color, "#d2e48a"];
               return `
                 <g fill="${baseColor}">
                   <path d="M208 406.5 l0 -25.5 9.5 0 9.5 0 0 8 0 8 8 0 8 0 0 9.5 c0 7.8 -0.3 9.5 -1.5 9.5 -1.2 0 -1.5 1.6 -1.5 8 l0 8 -16 0 -16 0 0 -25.5z"/>
                   <path d="M288 424 c0 -6.4 -0.3 -8 -1.5 -8 -1.3 0 -1.5 -4.4 -1.5 -34 l0 -34 11 0 11 0 0 8.5 0 8.5 6.5 0 6.5 0 0 19 0 19 -6.5 0 -6.5 0 0 14.5 0 14.5 -9.5 0 -9.5 0 0 -8z"/>
                   <path d="M208 345.5 l0 -25.5 -8 0 -8 0 0 8 0 8 -9.5 0 -9.5 0 0 -6.5 0 -6.5 -6.5 0 c-5.1 0 -6.5 -0.3 -6.5 -1.5 0 -0.8 -0.7 -1.5 -1.5 -1.5 -1.2 0 -1.5 -1.6 -1.5 -8 0 -6.4 0.3 -8 1.5 -8 1.2 0 1.5 -1.6 1.5 -8 l0 -8 17.5 0 17.5 0 0 6.5 0 6.5 8 0 8 0 0 8 0 8 7.5 0 7.5 0 0 9.8 c0 5.3 0.3 17.5 0.7 27 l0.6 17.2 -9.6 0 -9.7 0 0 -25.5z"/>
                   <path d="M336 328 l0 -8 -8 0 c-6.4 0 -8 0.3 -8 1.5 0 0.8 -0.7 1.5 -1.5 1.5 -0.8 0 -1.5 -0.7 -1.5 -1.5 0 -0.8 0.7 -1.5 1.5 -1.5 1.2 0 1.5 -1.6 1.5 -8 l0 -8 8 0 8 0 0 -8 0 -8 9.5 0 9.5 0 0 6.5 0 6.5 6.5 0 c5.1 0 6.5 0.3 6.5 1.5 0 0.8 0.7 1.5 1.5 1.5 1.2 0 1.5 1.6 1.5 8 0 6.4 -0.3 8 -1.5 8 -1.2 0 -1.5 1.6 -1.5 8 l0 8 -16 0 -16 0 0 -8z"/>
                 </g>
                 <g fill="${undershirtColor}">
                   <path d="M240 408 c0 -6.4 -0.3 -8 -1.5 -8 -1.3 0 -1.5 -5.3 -1.5 -41.5 0 -36.2 0.2 -41.5 1.5 -41.5 0.8 0 1.5 0.7 1.5 1.5 0 1.3 3.5 1.5 25.5 1.5 l25.5 0 0 15.5 c0 13.1 -0.2 15.5 -1.5 15.5 -1.3 0 -1.5 4.3 -1.5 32.5 l0 32.5 -24 0 -24 0 0 -8z"/>
                 </g>
                 <g fill="${accentColor}">
                   <path d="M304 416 l0 -16 8 0 8 0 0 16 0 16 -8 0 -8 0 0 -16z"/>
                   <path d="M224 392 l0 -8 -8 0 -8 0 0 -8 0 -8 8.1 0 8.1 0 -0.4 -9.5 -0.3 -9.5 8.3 0 8.2 0 0 25.5 0 25.5 -8 0 -8 0 0 -8z"/>
                   <path d="M304 359.5 c0 -6.9 -0.3 -8.5 -1.5 -8.5 -1.3 0 -1.5 -2.4 -1.5 -15.5 l0 -15.5 9.5 0 9.5 0 0 24 0 24 -8 0 -8 0 0 -8.5z"/>
                   <path d="M160 328 l0 -8 -8 0 -8 0 0 -8 0 -8 8 0 8 0 0 8 0 8 8 0 8 0 0 8 0 8 -8 0 -8 0 0 -8z"/>
                   <path d="M223 321.5 c0 -1.2 -1.5 -1.5 -7.5 -1.5 l-7.5 0 0 -8 0 -8 -8 0 -8 0 0 -8 0 -8 16 0 16 0 0 8 c0 6.4 0.3 8 1.5 8 1.2 0 1.5 1.7 1.5 9.5 0 8.8 -0.1 9.5 -2 9.5 -1.1 0 -2 -0.7 -2 -1.5z"/>
                   <path d="M368 312 l0 -8 -8 0 -8 0 0 -8 0 -8 8 0 8 0 0 8 0 8 8 0 8 0 0 8 0 8 -8 0 -8 0 0 -8z"/>
                 </g>
                 <g fill="${shirtCollar}">
                   <path d="M223.7 351.3 c-0.9 -0.8 -0.9 -19.4 0 -35.1 l0.6 -12.2 7.9 0 7.8 0 0 24 0 24 -7.8 0 c-4.3 0 -8.2 -0.3 -8.5 -0.7z"/>
                   <path d="M288 335.5 l0 -15.5 8 0 8 0 0 15.5 0 15.5 -8 0 -8 0 0 -15.5z"/>
                 </g>
               `;
             }
         
               getShirtColor() {
                 const shirtColors = {
                   Professional: ["#157c37", "#24ab4c", "#f79f46", "#ffc38b", "#3377cb", "#48c3b1", "#e4655b", "#ff9999", "#dcd86b", "#000000"],
                   DressShirt: ["#3377cb", "#157c37", "#90e67f", "#aba0a5", "#f79f46", "#fddec1", "#631d95", "#ca90c3", "#e4655b", "#ffc0cb"],
                   Jacket: ["#343232", "#8f93db", "#00800d", "#fe7e2a", "#f350bd", "#9802ba", "#dc0505", "#dcd400", "#dc0505", "#f350bd"],
                   Jersey: [
                   ["#ffffff", "#000000"], ["#ffffff", "#f54653"], ["#ffffff", "#de1fd8"],
                   ["#1e49cb", "#3eada9"], ["#f38405", "#ad6c21"], ["#f38405", "#000000"],
                   ["#10e9ed", "#ed8610"], ["#c20b0b", "#dad130"], ["#ede02c", "#375eba"],
                   ["#6d0451", "#dad130"]
                 ],
                 LongSleeve: ["#1d8712", "#747373", "#4de8f9", "#6dd363", "#b77005", "#f74ae6", "#7c05af", "#f30000", "#edf768", "#375eba"],
                 Plaid: [
                   ["#ddd473", "#f7e959"], ["#f532be", "#ff59d0"], ["#650289", "#ae00ed"],
                   ["#4549a9", "#6b70f3"], ["#c26d18", "#da8d40"], ["#343131", "#4f4d4d"],
                   ["#248933", "#35c94b"], ["#248933", "#35c94b"], ["#591712", "#6c1e18"],
                   ["#4549a9", "#6b70f3"]
                 ],
                 OpenShirt: ["#363434", "#321bb1", "#8f93db", "#367c29", "#696464", "#cf8b37", "#ed7eeb", "#a713a7", "#d13d3d", "#cbcf5b"],
                 ShortSleeve: ["#f77c00", "#0061a7", "#169e1f", "#c1c1c1", "#23cdcd", "#cb8d2a", "#ff3ef9", "#8d08ba", "#ef2020", "#e2da45"],
                 SuitTop: [
                   ["#080ebe", "#080ebe"], ["#02a03c", "#888888"], ["#888888", "#080ebe"],
                   ["#888888", "#dc7e04"], ["#8f93db", "#a8a6a5"], ["#dc7e04", "#dc7e04"],
                   ["#fc52f6", "#fc52f6"], ["#8d08ba", "#8d08ba"], ["#e61e1e", "#5252ef"],
                   ["#e61e1e", "#e61e1e"]
                 ],
                 Vacation: [
                   ["#e3f794", "#f5c7b9", "#f73333"], ["#fff64e", "#f949eb", "#b89bde"],
                   ["#0979e2", "#93eda5", "#3ce25d"], ["#0979e2", "#ff9cbb", "#8fb4d7"],
                   ["#52ed53", "#aaf2e7", "#ff9cbb"], ["#ed9b21", "#e6bd80", "#b89bde"],
                   ["#fa93b2", "#aaf2e7", "#3cdcc9"], ["#b54be2", "#adedb6", "#46eb48"],
                   ["#f73b3b", "#aaf2e7", "#3cdcc9"], ["#fff64e", "#efea91", "#5239f9"]
                 ]
               };
         
               const colors = shirtColors[this.shirtType];
               return Array.isArray(colors[0]) ? colors[this.d5] : colors[this.d5];
             }
         
               generateShirtSVG(type, color) {
                 // still need all shirt styles added.
                 const shirtPath = "M208 368l0-48-8 0-8 0 0 8 0 8...";
                 return `<path d="${shirtPath}" fill="${color}" />`;
               }