Outline Type:
Base: Default.

<?xml version="1.0" encoding="utf-8"?>
<!DOCTYPE svg PUBLIC "-//W3C//DTD SVG 1.0//EN" "http://www.w3.org/TR/2001/REC-SVG-20010904/DTD/svg10.dtd">
<svg version="1.0" xmlns="http://www.w3.org/2000/svg" width="512px" height="512px" viewBox="0 0 512 512" preserveAspectRatio="xMidYMid meet">
 <g fill="#000001">
  <path d="M96 496 l0 -16 8 0 8 0 0 -8 0 -8 16 0 16 0 0 -8 0 -8 8 0 8 0 0 -8 0 -8 8 0 8 0 0 -8 0 -8 -24 0 -24 0 0 -8 0 -8 -8 0 -8 0 0 -40 0 -40 8 0 8 0 0 -8 0 -8 8 0 8 0 0 -8 0 -8 8 0 8 0 0 -8 0 -8 16 0 16 0 0 -8 0 -8 -8 0 -8 0 0 -40 0 -40 8 0 8 0 0 -8 0 -8 8 0 8 0 0 -8 0 -8 8 0 8 0 0 -8 0 -8 56 0 56 0 0 8 0 8 8 0 8 0 0 8 0 8 8 0 8 0 0 64 0 64 8 0 8 0 0 8 0 8 8 0 8 0 0 8 0 8 8 0 8 0 0 40 0 40 -8 0 -8 0 0 8 0 8 -24 0 -24 0 0 8 0 8 8 0 8 0 0 8 0 8 8 0 8 0 0 8 0 8 16 0 16 0 0 8 0 8 8 0 8 0 0 16 0 16 -72 0 -72 0 0 -24 0 -24 -8 0 -8 0 0 -8 0 -8 -8 0 -8 0 0 8 0 8 -8 0 -8 0 0 24 0 24 -72 0 -72 0 0 -16z m125 -19 l0 -16 8 0 8 0 0 -8 0 -8 8 0 8 0 0 -8 0 -8 11 0 11 0 0 8 0 8 8 0 8 0 0 8 0 8 8 0 8 0 0 16 0 16 53 0 53 0 0 -5 0 -5 -16 0 -16 0 0 -8 0 -8 -8 0 -8 0 0 -8 0 -8 -8 0 -8 0 0 -8 0 -8 -8 0 -8 0 0 -8 0 -8 -8 0 -8 0 0 -48 0 -48 -40 0 -40 0 0 -8 0 -8 -8 0 -8 0 0 -8 0 -8 -29 0 -29 0 0 8 0 8 -8 0 -8 0 0 8 0 8 -8 0 -8 0 0 37 0 37 21 0 21 0 0 -32 0 -32 8 0 8 0 0 -8 0 -8 11 0 11 0 0 51 0 51 -8 0 -8 0 0 8 0 8 -8 0 -8 0 0 8 0 8 -8 0 -8 0 0 8 0 8 -8 0 -8 0 0 8 0 8 -16 0 -16 0 0 5 0 5 53 0 53 0 0 -16z m-29 -69 l0 -8 -8 0 -8 0 0 8 0 8 8 0 8 0 0 -8z m160 0 l0 -8 -8 0 -8 0 0 8 0 8 8 0 8 0 0 -8z m45 -48 l0 -37 -8 0 -8 0 0 -8 0 -8 -8 0 -8 0 0 -8 0 -8 -13 0 -13 0 0 8 0 8 -8 0 -8 0 0 5 0 5 8 0 8 0 0 8 0 8 8 0 8 0 0 32 0 32 21 0 21 0 0 -37z m-80 -67 l0 -8 8 0 8 0 0 -8 0 -8 8 0 8 0 0 -53 0 -53 -8 0 -8 0 0 -8 0 -8 -53 0 -53 0 0 8 0 8 -8 0 -8 0 0 8 0 8 -8 0 -8 0 0 37 0 37 8 0 8 0 0 8 0 8 8 0 8 0 0 8 0 8 8 0 8 0 0 8 0 8 37 0 37 0 0 -8z"/>
 </g>
 <g fill="#f1c27d"> ###SKIN TONES GO HERE
  <path d="M112 488 l0 -8 16 0 16 0 0 -8 0 -8 8 0 8 0 0 -8 0 -8 8 0 8 0 0 -8 0 -8 8 0 8 0 0 -8 0 -8 8 0 8 0 0 -48 0 -48 -8 0 -8 0 0 8 0 8 -8 0 -8 0 0 32 0 32 -24 0 -24 0 0 -40 0 -40 8 0 8 0 0 -8 0 -8 8 0 8 0 0 -8 0 -8 32 0 32 0 0 -8 0 -8 -8 0 -8 0 0 -8 0 -8 -8 0 -8 0 0 -40 0 -40 8 0 8 0 0 -8 0 -8 8 0 8 0 0 -8 0 -8 56 0 56 0 0 8 0 8 8 0 8 0 0 56 0 56 -8 0 -8 0 0 8 0 8 16 0 16 0 0 8 0 8 8 0 8 0 0 8 0 8 8 0 8 0 0 40 0 40 -24 0 -24 0 0 -32 0 -32 -8 0 -8 0 0 -8 0 -8 -8 0 -8 0 0 48 0 48 8 0 8 0 0 8 0 8 8 0 8 0 0 8 0 8 8 0 8 0 0 8 0 8 8 0 8 0 0 8 0 8 16 0 16 0 0 8 0 8 -56 0 -56 0 0 -16 0 -16 -8 0 -8 0 0 -8 0 -8 -8 0 -8 0 0 -8 0 -8 -8 0 -8 0 0 8 0 8 -8 0 -8 0 0 8 0 8 -8 0 -8 0 0 16 0 16 -56 0 -56 0 0 -8z m208 -176 l0 -8 8 0 8 0 0 -8 0 -8 -8 0 -8 0 0 8 0 8 -40 0 -40 0 0 -8 0 -8 -8 0 -8 0 0 8 0 8 8 0 8 0 0 8 0 8 40 0 40 0 0 -8z"/>
 </g>
</svg>



Arm Out: Block divisible by 17.

<?xml version="1.0" encoding="utf-8"?>
<!DOCTYPE svg PUBLIC "-//W3C//DTD SVG 1.0//EN" "http://www.w3.org/TR/2001/REC-SVG-20010904/DTD/svg10.dtd">
<svg version="1.0" xmlns="http://www.w3.org/2000/svg" width="512px" height="512px" viewBox="0 0 512 512" preserveAspectRatio="xMidYMid meet">
 <g fill="#000001">
  <path d="M96 496 l0 -16 8 0 8 0 0 -8 0 -8 16 0 16 0 0 -8 0 -8 8 0 8 0 0 -8 0 -8 8 0 8 0 0 -8 0 -8 -24 0 -24 0 0 -8 0 -8 -8 0 -8 0 0 -40 0 -40 8 0 8 0 0 -8 0 -8 8 0 8 0 0 -8 0 -8 8 0 8 0 0 -8 0 -8 16 0 16 0 0 -8 0 -8 -8 0 -8 0 0 -40 0 -40 8 0 8 0 0 -8 0 -8 8 0 8 0 0 -8 0 -8 8 0 8 0 0 -8 0 -8 56 0 56 0 0 8 0 8 8 0 8 0 0 8 0 8 8 0 8 0 0 64 0 64 25.5 0 25.5 0 0 9.5 0 9.5 -48 0 -48 0 0 8 0 8 -43 0 -43 0 0 -8 0 -8 -8 0 -8 0 0 -8 0 -8 -29 0 -29 0 0 8 0 8 -8 0 -8 0 0 8 0 8 -8 0 -8 0 0 37 0 37 21 0 21 0 0 -32 0 -32 8 0 8 0 0 -8 0 -8 11 0 11 0 0 51 0 51 -8 0 -8 0 0 8 0 8 -8 0 -8 0 0 8 0 8 -8 0 -8 0 0 8 0 8 -8 0 -8 0 0 8 0 8 -16 0 -16 0 0 5 0 5 53 0 53 0 0 -16 0 -16 8 0 8 0 0 -8 0 -8 8 0 8 0 0 -8 0 -8 11 0 11 0 0 8 0 8 8 0 8 0 0 8 0 8 8 0 8 0 0 16 0 16 53 0 53 0 0 -5 0 -5 -16 0 -16 0 0 -8 0 -8 -8 0 -8 0 0 -8 0 -8 -8 0 -8 0 0 -8 0 -8 -8 0 -8 0 0 -8 0 -8 -8 0 -8 0 0 -27 0 -27 8 0 8 0 0 -16 0 -16 11 0 11 0 0 8 0 8 45 0 45 0 0 -21 0 -21 -8 0 -8 0 0 -9.5 0 -9.5 9.5 0 9.5 0 0 8 0 8 8 0 8 0 0 24 0 24 -8 0 -8 0 0 8 0 8 -56 0 -56 0 0 24 0 24 8 0 8 0 0 8 0 8 8 0 8 0 0 8 0 8 8 0 8 0 0 8 0 8 16 0 16 0 0 8 0 8 8 0 8 0 0 16 0 16 -72 0 -72 0 0 -24 0 -24 -8 0 -8 0 0 -8 0 -8 -8 0 -8 0 0 8 0 8 -8 0 -8 0 0 24 0 24 -72 0 -72 0 0 -16z m96 -88 l0 -8 -8 0 -8 0 0 8 0 8 8 0 8 0 0 -8z m125 -115 l0 -8 8 0 8 0 0 -8 0 -8 8 0 8 0 0 -53 0 -53 -8 0 -8 0 0 -8 0 -8 -53 0 -53 0 0 8 0 8 -8 0 -8 0 0 8 0 8 -8 0 -8 0 0 37 0 37 8 0 8 0 0 8 0 8 8 0 8 0 0 8 0 8 8 0 8 0 0 8 0 8 37 0 37 0 0 -8z"/>
 </g>
 <g fill="#f1c27d"> ###SKIN TONES GO HERE
  <path d="M112 488 l0 -8 16 0 16 0 0 -8 0 -8 8 0 8 0 0 -8 0 -8 8 0 8 0 0 -8 0 -8 8 0 8 0 0 -8 0 -8 8 0 8 0 0 -48 0 -48 -8 0 -8 0 0 8 0 8 -8 0 -8 0 0 32 0 32 -24 0 -24 0 0 -40 0 -40 8 0 8 0 0 -8 0 -8 8 0 8 0 0 -8 0 -8 32 0 32 0 0 -8 0 -8 -8 0 -8 0 0 -8 0 -8 -8 0 -8 0 0 -40 0 -40 8 0 8 0 0 -8 0 -8 8 0 8 0 0 -8 0 -8 56 0 56 0 0 8 0 8 8 0 8 0 0 56 0 56 -8 0 -8 0 0 8 0 8 -8 0 -8 0 0 8 0 8 48 0 48 0 0 -8 0 -8 8 0 8 0 0 8 0 8 8 0 8 0 0 24 0 24 -48 0 -48 0 0 -8 0 -8 -8 0 -8 0 0 16 0 16 -8 0 -8 0 0 24 0 24 8 0 8 0 0 8 0 8 8 0 8 0 0 8 0 8 8 0 8 0 0 8 0 8 8 0 8 0 0 8 0 8 16 0 16 0 0 8 0 8 -56 0 -56 0 0 -16 0 -16 -8 0 -8 0 0 -8 0 -8 -8 0 -8 0 0 -8 0 -8 -8 0 -8 0 0 8 0 8 -8 0 -8 0 0 8 0 8 -8 0 -8 0 0 16 0 16 -56 0 -56 0 0 -8z m208 -176 l0 -8 -40 0 -40 0 0 -8 0 -8 -8 0 -8 0 0 8 0 8 8 0 8 0 0 8 0 8 40 0 40 0 0 -8z"/>
 </g>
</svg>



Female: Block reward is over 300k.

<?xml version="1.0" encoding="utf-8"?>
<!DOCTYPE svg PUBLIC "-//W3C//DTD SVG 1.0//EN" "http://www.w3.org/TR/2001/REC-SVG-20010904/DTD/svg10.dtd">
<svg version="1.0" xmlns="http://www.w3.org/2000/svg" width="512px" height="512px" viewBox="0 0 512 512" preserveAspectRatio="xMidYMid meet">
 <g fill="#000100">
  <path d="M96 496 l0 -16 8 0 8 0 0 -8 0 -8 16 0 16 0 0 -8 0 -8 8 0 8 0 0 -8 0 -8 8 0 8 0 0 -8 0 -8 -24 0 -24 0 0 -8 0 -8 -8 0 -8 0 0 -40 0 -40 8 0 8 0 0 -8 0 -8 8 0 8 0 0 -56 0 -56 8 0 8 0 0 -8 0 -8 8 0 8 0 0 -8 0 -8 8 0 8 0 0 -8 0 -8 56 0 56 0 0 8 0 8 8 0 8 0 0 8 0 8 8 0 8 0 0 8 0 8 8 0 8 0 0 56 0 56 8 0 8 0 0 8 0 8 8 0 8 0 0 40 0 40 -8 0 -8 0 0 8 0 8 -24 0 -24 0 0 8 0 8 8 0 8 0 0 8 0 8 8 0 8 0 0 8 0 8 16 0 16 0 0 8 0 8 8 0 8 0 0 16 0 16 -64 0 -64 0 0 -24 0 -24 -24 0 -24 0 0 24 0 24 -64 0 -64 0 0 -16z m109 -19 l0 -16 8 0 8 0 0 -8 0 -8 27 0 27 0 0 8 0 8 8 0 8 0 0 16 0 16 45 0 45 0 0 -5 0 -5 -16 0 -16 0 0 -8 0 -8 -8 0 -8 0 0 -8 0 -8 -8 0 -8 0 0 -8 0 -8 -8 0 -8 0 0 -8 0 -8 -8 0 -8 0 0 -27 0 -27 8 0 8 0 0 -16 0 -16 11 0 11 0 0 8 0 8 8 0 8 0 0 11 0 11 -8 0 -8 0 0 13 0 13 21 0 21 0 0 -29 0 -29 -8 0 -8 0 0 -8 0 -8 -8 0 -8 0 0 -64 0 -64 -8 0 -8 0 0 -8 0 -8 -8 0 -8 0 0 -8 0 -8 -53 0 -53 0 0 8 0 8 -8 0 -8 0 0 8 0 8 -8 0 -8 0 0 64 0 64 -8 0 -8 0 0 8 0 8 -8 0 -8 0 0 29 0 29 21 0 21 0 0 -13 0 -13 -8 0 -8 0 0 -11 0 -11 8 0 8 0 0 -8 0 -8 11 0 11 0 0 16 0 16 8 0 8 0 0 27 0 27 -8 0 -8 0 0 8 0 8 -8 0 -8 0 0 8 0 8 -8 0 -8 0 0 8 0 8 -8 0 -8 0 0 8 0 8 -16 0 -16 0 0 5 0 5 45 0 45 0 0 -16z m-13 -69 l0 -8 -8 0 -8 0 0 8 0 8 8 0 8 0 0 -8z m128 0 l0 -8 -8 0 -8 0 0 8 0 8 8 0 8 0 0 -8z"/>
  <path d="M221 331 l0 -8 -8 0 -8 0 0 -8 0 -8 -16 0 -16 0 0 -11 0 -11 19 0 19 0 0 8 0 8 8 0 8 0 0 8 0 8 29 0 29 0 0 -8 0 -8 8 0 8 0 0 -8 0 -8 11 0 11 0 0 11 0 11 -8 0 -8 0 0 8 0 8 -8 0 -8 0 0 8 0 8 -35 0 -35 0 0 -8z"/>
 </g>
 <g fill="#e0ac69"> ###SKIN TONES GO HERE
  <path d="M112 488 l0 -8 16 0 16 0 0 -8 0 -8 8 0 8 0 0 -8 0 -8 8 0 8 0 0 -8 0 -8 8 0 8 0 0 -8 0 -8 8 0 8 0 0 -24 0 -24 -8 0 -8 0 0 -16 0 -16 -8 0 -8 0 0 8 0 8 -8 0 -8 0 0 8 0 8 8 0 8 0 0 16 0 16 -24 0 -24 0 0 -32 0 -32 8 0 8 0 0 -8 0 -8 8 0 8 0 0 -64 0 -64 8 0 8 0 0 -8 0 -8 8 0 8 0 0 -8 0 -8 56 0 56 0 0 8 0 8 8 0 8 0 0 8 0 8 8 0 8 0 0 64 0 64 8 0 8 0 0 8 0 8 8 0 8 0 0 32 0 32 -24 0 -24 0 0 -16 0 -16 8 0 8 0 0 -8 0 -8 -8 0 -8 0 0 -8 0 -8 -8 0 -8 0 0 16 0 16 -8 0 -8 0 0 24 0 24 8 0 8 0 0 8 0 8 8 0 8 0 0 8 0 8 8 0 8 0 0 8 0 8 8 0 8 0 0 8 0 8 16 0 16 0 0 8 0 8 -48 0 -48 0 0 -16 0 -16 -8 0 -8 0 0 -8 0 -8 -24 0 -24 0 0 8 0 8 -8 0 -8 0 0 16 0 16 -48 0 -48 0 0 -8z m176 -160 l0 -8 8 0 8 0 0 -8 0 -8 8 0 8 0 0 -8 0 -8 -8 0 -8 0 0 8 0 8 -8 0 -8 0 0 8 0 8 -32 0 -32 0 0 -8 0 -8 -8 0 -8 0 0 -8 0 -8 -16 0 -16 0 0 8 0 8 16 0 16 0 0 8 0 8 8 0 8 0 0 8 0 8 32 0 32 0 0 -8z"/>
 </g>
</svg>




Female Heel: Block reward is over 300k and D6 = 3 or 8.

<?xml version="1.0" encoding="utf-8"?>
<!DOCTYPE svg PUBLIC "-//W3C//DTD SVG 1.0//EN" "http://www.w3.org/TR/2001/REC-SVG-20010904/DTD/svg10.dtd">
<svg version="1.0" xmlns="http://www.w3.org/2000/svg" width="512px" height="512px" viewBox="0 0 512 512" preserveAspectRatio="xMidYMid meet">
 <g fill="#000100">
  <path d="M96 496 l0 -16 8 0 8 0 0 -8 0 -8 16 0 16 0 0 -8 0 -8 8 0 8 0 0 -8 0 -8 8 0 8 0 0 -8 0 -8 -24 0 -24 0 0 -8 0 -8 -8 0 -8 0 0 -40 0 -40 8 0 8 0 0 -8 0 -8 8 0 8 0 0 -56 0 -56 8 0 8 0 0 -8 0 -8 8 0 8 0 0 -8 0 -8 8 0 8 0 0 -8 0 -8 56 0 56 0 0 8 0 8 8 0 8 0 0 8 0 8 8 0 8 0 0 8 0 8 8 0 8 0 0 56 0 56 8 0 8 0 0 8 0 8 8 0 8 0 0 40 0 40 -8 0 -8 0 0 8 0 8 -24 0 -24 0 0 8 0 8 8 0 8 0 0 8 0 8 8 0 8 0 0 8 0 8 16 0 16 0 0 8 0 8 8 0 8 0 0 16 0 16 -40.5 0 -40.5 0 0 -8 0 -8 -7.5 0 -7.5 0 0 8 0 8 -16 0 -16 0 0 -24 0 -24 -24 0 -24 0 0 24 0 24 -16 0 -16 0 0 -8 0 -8 -8 0 -8 0 0 8 0 8 -40 0 -40 0 0 -16z m77 -11 l0 -8 11 0 11 0 0 8 0 8 5 0 5 0 0 -16 0 -16 8 0 8 0 0 -8 0 -8 27 0 27 0 0 8 0 8 8 0 8 0 0 16 0 16 5 0 5 0 0 -8 0 -8 11 0 11 0 0 8 0 8 29 0 29 0 0 -5 0 -5 -16 0 -16 0 0 -8 0 -8 -8 0 -8 0 0 -8 0 -8 -8 0 -8 0 0 -8 0 -8 -8 0 -8 0 0 -8 0 -8 -8 0 -8 0 0 -27 0 -27 8 0 8 0 0 -16 0 -16 11 0 11 0 0 8 0 8 8 0 8 0 0 11 0 11 -8 0 -8 0 0 13 0 13 21 0 21 0 0 -29 0 -29 -8 0 -8 0 0 -8 0 -8 -8 0 -8 0 0 -64 0 -64 -8 0 -8 0 0 -8 0 -8 -8 0 -8 0 0 -8 0 -8 -53 0 -53 0 0 8 0 8 -8 0 -8 0 0 8 0 8 -8 0 -8 0 0 64 0 64 -8 0 -8 0 0 8 0 8 -8 0 -8 0 0 29 0 29 21 0 21 0 0 -13 0 -13 -8 0 -8 0 0 -11 0 -11 8 0 8 0 0 -8 0 -8 11 0 11 0 0 16 0 16 8 0 8 0 0 27 0 27 -8 0 -8 0 0 8 0 8 -8 0 -8 0 0 8 0 8 -8 0 -8 0 0 8 0 8 -8 0 -8 0 0 8 0 8 -16 0 -16 0 0 5 0 5 29 0 29 0 0 -8z m19 -77 l0 -8 -8 0 -8 0 0 8 0 8 8 0 8 0 0 -8z m128 0 l0 -8 -8 0 -8 0 0 8 0 8 8 0 8 0 0 -8z"/>
  <path d="M221 331 l0 -8 -8 0 -8 0 0 -8 0 -8 -16 0 -16 0 0 -11 0 -11 19 0 19 0 0 8 0 8 8 0 8 0 0 8 0 8 29 0 29 0 0 -8 0 -8 8 0 8 0 0 -8 0 -8 11 0 11 0 0 11 0 11 -8 0 -8 0 0 8 0 8 -8 0 -8 0 0 8 0 8 -35 0 -35 0 0 -8z"/>
 </g>
 <g fill="#f1c27d"> ###SKIN TONES GO HERE
  <path d="M112 488 l0 -8 16 0 16 0 0 -8 0 -8 8 0 8 0 0 -8 0 -8 8 0 8 0 0 -8 0 -8 8 0 8 0 0 -8 0 -8 8 0 8 0 0 -24 0 -24 -8 0 -8 0 0 -16 0 -16 -8 0 -8 0 0 8 0 8 -8 0 -8 0 0 8 0 8 8 0 8 0 0 16 0 16 -24 0 -24 0 0 -32 0 -32 8 0 8 0 0 -8 0 -8 8 0 8 0 0 -64 0 -64 8 0 8 0 0 -8 0 -8 8 0 8 0 0 -8 0 -8 56 0 56 0 0 8 0 8 8 0 8 0 0 8 0 8 8 0 8 0 0 64 0 64 8 0 8 0 0 8 0 8 8 0 8 0 0 32 0 32 -24 0 -24 0 0 -16 0 -16 8 0 8 0 0 -8 0 -8 -8 0 -8 0 0 -8 0 -8 -8 0 -8 0 0 16 0 16 -8 0 -8 0 0 24 0 24 8 0 8 0 0 8 0 8 8 0 8 0 0 8 0 8 8 0 8 0 0 8 0 8 8 0 8 0 0 8 0 8 16 0 16 0 0 8 0 8 -32 0 -32 0 0 -8 0 -8 -8 0 -8 0 0 8 0 8 -8 0 -8 0 0 -16 0 -16 -8 0 -8 0 0 -8 0 -8 -24 0 -24 0 0 8 0 8 -8 0 -8 0 0 16 0 16 -8 0 -8 0 0 -8 0 -8 -8 0 -8 0 0 8 0 8 -32 0 -32 0 0 -8z m176 -160 l0 -8 8 0 8 0 0 -8 0 -8 8 0 8 0 0 -8 0 -8 -8 0 -8 0 0 8 0 8 -8 0 -8 0 0 8 0 8 -32 0 -32 0 0 -8 0 -8 -8 0 -8 0 0 -8 0 -8 -16 0 -16 0 0 8 0 8 16 0 16 0 0 8 0 8 8 0 8 0 0 8 0 8 32 0 32 0 0 -8z"/>
 </g>
</svg>




Mermaid: Block reward over 300k + Block Hash contains 20 zeroes after "0x".


<?xml version="1.0" encoding="utf-8"?>
<!DOCTYPE svg PUBLIC "-//W3C//DTD SVG 1.0//EN" "http://www.w3.org/TR/2001/REC-SVG-20010904/DTD/svg10.dtd">
<svg version="1.0" xmlns="http://www.w3.org/2000/svg" width="512px" height="512px" viewBox="0 0 512 512" preserveAspectRatio="xMidYMid meet">
 <g fill="#000000"> #### OUTLINE
  <path d="M112 504 l0 -8 -16 0 -16 0 0 -8 0 -8 -8 0 -8 0 0 -8 0 -8 -8 0 -8 0 0 -8 0 -8 8 0 8 0 0 -8 0 -8 24 0 24 0 0 -8 0 -8 8 0 8 0 0 -8 0 -8 -8 0 -8 0 0 -40 0 -40 8 0 8 0 0 -8 0 -8 8 0 8 0 0 -56 0 -56 8 0 8 0 0 -8 0 -8 8 0 8 0 0 -8 0 -8 8 0 8 0 0 -8 0 -8 56 0 56 0 0 8 0 8 8 0 8 0 0 8 0 8 8 0 8 0 0 8 0 8 8 0 8 0 0 56 0 56 8 0 8 0 0 8 0 8 8 0 8 0 0 40 0 40 -8 0 -8 0 0 8 0 8 -24 0 -24 0 0 16 0 16 8 0 8 0 0 16 0 16 -8 0 -8 0 0 8 0 8 -8 0 -8 0 0 8 0 8 -96 0 -96 0 0 -8z m189 -19 l0 -8 8 0 8 0 0 -13 0 -13 -8 0 -8 0 0 -16 0 -16 -8 0 -8 0 0 -27 0 -27 8 0 8 0 0 -16 0 -16 11 0 11 0 0 8 0 8 8 0 8 0 0 11 0 11 -8 0 -8 0 0 13 0 13 21 0 21 0 0 -29 0 -29 -8 0 -8 0 0 -8 0 -8 -8 0 -8 0 0 -64 0 -64 -8 0 -8 0 0 -8 0 -8 -8 0 -8 0 0 -8 0 -8 -53 0 -53 0 0 8 0 8 -8 0 -8 0 0 8 0 8 -8 0 -8 0 0 64 0 64 -8 0 -8 0 0 8 0 8 -8 0 -8 0 0 29 0 29 21 0 21 0 0 -13 0 -13 -8 0 -8 0 0 -11 0 -11 8 0 8 0 0 -8 0 -8 11 0 11 0 0 16 0 16 8 0 8 0 0 27 0 27 -8 0 -8 0 0 5 0 5 8 0 8 0 0 8 0 8 8 0 8 0 0 11 0 11 -24 0 -24 0 0 8 0 8 -11 0 -11 0 0 -8 0 -8 -5 0 -5 0 0 8 0 8 -11 0 -11 0 0 -8 0 -8 -16 0 -16 0 0 -8 0 -8 -13 0 -13 0 0 5 0 5 8 0 8 0 0 8 0 8 16 0 16 0 0 8 0 8 93 0 93 0 0 -8z m-160 -29 l0 -5 -5 0 -5 0 0 5 0 5 5 0 5 0 0 -5z m32 0 l0 -5 -5 0 -5 0 0 5 0 5 5 0 5 0 0 -5z m-13 -16 l0 -8 8 0 8 0 0 -8 0 -8 8 0 8 0 0 -8 0 -8 -8 0 -8 0 0 8 0 8 -24 0 -24 0 0 8 0 8 8 0 8 0 0 8 0 8 8 0 8 0 0 -8z m-35 0 l0 -5 -5 0 -5 0 0 5 0 5 5 0 5 0 0 -5z m64 0 l0 -5 -5 0 -5 0 0 5 0 5 5 0 5 0 0 -5z m131 -32 l0 -8 -8 0 -8 0 0 8 0 8 8 0 8 0 0 -8z"/>
  <path d="M221 331 l0 -8 -8 0 -8 0 0 -8 0 -8 -16 0 -16 0 0 -11 0 -11 19 0 19 0 0 8 0 8 8 0 8 0 0 8 0 8 29 0 29 0 0 -8 0 -8 8 0 8 0 0 -8 0 -8 11 0 11 0 0 11 0 11 -8 0 -8 0 0 8 0 8 -8 0 -8 0 0 8 0 8 -35 0 -35 0 0 -8z"/>
 </g>
 <g fill="#157c37"> #### TAIL Color 1
  <path d="M173 488 c0 -6.4 0.3 -8 1.5 -8 1.2 0 1.5 -1.6 1.5 -8 l0 -8 -8 0 c-6.4 0 -8 0.3 -8 1.5 0 0.8 -0.7 1.5 -1.5 1.5 -0.8 0 -1.5 -0.7 -1.5 -1.5 0 -0.8 0.7 -1.5 1.5 -1.5 1.2 0 1.5 -1.6 1.5 -8 l0 -8 8 0 8 0 0 -8 0 -8 8 0 8 0 0 -8 0 -8 8 0 c6.4 0 8 -0.3 8 -1.5 0 -1.2 1.7 -1.5 9.5 -1.5 l9.5 0 0 8 0 8 8 0 8 0 0 8 0 8 5 0 5 0 0 -8 0 -8 8 0 8 0 0 -8 0 -8 9.5 0 c7.8 0 9.5 0.3 9.5 1.5 0 1.2 1.6 1.5 8 1.5 l8 0 0 16 0 16 8 0 8 0 0 16 0 16 -8 0 c-6.4 0 -8 0.3 -8 1.5 0 1.2 -1.4 1.5 -6.5 1.5 l-6.5 0 0 6.5 0 6.5 -27 0 -27 0 0 -6.5 0 -6.5 -5 0 -5 0 0 6.5 0 6.5 -27 0 -27 0 0 -8z m80 -16 l0 -5 -5 0 -5 0 0 5 0 5 5 0 5 0 0 -5z m-29 -16 l0 -8 -8 0 -8 0 0 -8 0 -8 -8 0 -8 0 0 8 0 8 -8 0 -8 0 0 8 0 8 24 0 24 0 0 -8z"/>
 </g>
 <g fill="#631d95"> #### SHELL TOP
  <path d="M210.7 374.2 c-1.5 -1.5 -2.7 -3.6 -2.7 -4.5 0 -1.5 -1.1 -1.7 -8 -1.7 l-8 0 0 -9.5 0 -9.5 8.8 0 c8.5 0 8.9 -0.1 11.7 -3 2.8 -3 3 -3 13.4 -3 l10.5 0 6.1 6 6.1 6 5.9 -6 5.9 -6 10.6 0 c10.5 0 10.7 0 13.5 3 2.7 2.9 3.3 3 11.2 3 l8.3 0 0 9.5 0 9.5 -8 0 c-7.7 0 -8 0.1 -8 2.3 0 1.3 -1 3.3 -2.3 4.5 -2.1 2 -3.4 2.2 -14.7 2.2 l-12.4 0 -5.1 -5 -5.1 -5 -4.9 5 -4.9 5 -12.6 0 c-12.5 0 -12.6 0 -15.3 -2.8z"/>
 </g>
 <g fill="#24ab4c"> #### TAIL Color 2
  <path d="M112 488 l0 -8 -16 0 -16 0 0 -8 0 -8 -8 0 -8 0 0 -8 0 -8 16 0 16 0 0 8 0 8 16 0 16 0 0 -8 0 -8 -8 0 -8 0 0 -8 0 -8 8 0 8 0 0 8 0 8 8 0 8 0 0 8 0 8 8 0 8 0 0 8 0 8 8 0 8 0 0 8 0 8 -32 0 -32 0 0 -8z m32 -16 l0 -8 -8 0 -8 0 0 8 0 8 8 0 8 0 0 -8z"/>
  <path d="M224 488 l0 -8 8 0 8 0 0 -8 0 -8 8 0 8 0 0 8 0 8 -8 0 -8 0 0 8 0 8 -8 0 -8 0 0 -8z"/>
  <path d="M288 488 l0 -8 8 0 8 0 0 8 0 8 -8 0 -8 0 0 -8z"/>
  <path d="M240 440 l0 -8 -8 0 -8 0 0 -8 0 -8 -8 0 -8 0 0 -9.5 0 -9.5 9.5 0 9.5 0 0 8 0 8 8 0 8 0 0 8 0 8 5 0 5 0 0 -8 0 -8 8 0 8 0 0 -8 0 -8 9.5 0 9.5 0 0 9.5 0 9.5 -8 0 -8 0 0 8 0 8 -8 0 -8 0 0 8 0 8 -8 0 -8 0 0 -8z"/>
 </g>
 <g fill="#ecb597"> #### SKIN TONE
  <path d="M240 424 l0 -8 -8 0 -8 0 0 -8 0 -8 -8 0 -8 0 0 -17.2 0 -17.2 4.3 4.2 4.3 4.2 9.5 0 9.5 0 5.9 -6 c3.3 -3.3 6.4 -6 7 -6 0.6 0 3.7 2.7 7 6 l5.9 6 9.5 0 9.5 0 3.8 -3.7 3.8 -3.7 0 16.7 0 16.7 -8 0 -8 0 0 8 0 8 -8 0 -8 0 0 8 0 8 -8 0 -8 0 0 -8z"/>
  <path d="M128 368 l0 -32 8 0 8 0 0 -8 0 -8 8 0 8 0 0 -64 0 -64 8 0 8 0 0 -8 0 -8 8 0 8 0 0 -8 0 -8 56 0 56 0 0 8 0 8 8 0 8 0 0 8 0 8 8 0 8 0 0 64 0 64 8 0 8 0 0 8 0 8 8 0 8 0 0 32 0 32 -24 0 -24 0 0 -16 0 -16 8 0 8 0 0 -8 0 -8 -8 0 -8 0 0 -8 0 -8 -8 0 -8 0 0 8 0 8 -8 0 c-6.9 0 -8 0.2 -8 1.7 0 1.2 -1.4 0.3 -4.8 -3 l-4.8 -4.7 -7.5 0 -7.5 0 -6.9 7 c-3.8 3.9 -7.4 7 -8 7 -0.6 0 -4.2 -3.1 -8 -7 l-6.9 -7 -7.5 0 -7.5 0 -5.3 5.2 c-4.6 4.5 -5.3 4.9 -5.3 3 0 -2.1 -0.4 -2.2 -8 -2.2 l-8 0 0 -8 0 -8 -8 0 -8 0 0 8 0 8 -8 0 -8 0 0 8 0 8 8 0 8 0 0 16 0 16 -24 0 -24 0 0 -32z m160 -40 l0 -8 8 0 8 0 0 -8 0 -8 8 0 8 0 0 -8 0 -8 -8 0 -8 0 0 8 0 8 -8 0 -8 0 0 8 0 8 -32 0 -32 0 0 -8 0 -8 -8 0 -8 0 0 -8 0 -8 -16 0 -16 0 0 8 0 8 16 0 16 0 0 8 0 8 8 0 8 0 0 8 0 8 32 0 32 0 0 -8z"/>
 </g>
</svg>



Mermaid Tails:

If mermaid is triggered + block number (height) is an even number, then use Green.
If mermaid is triggered + block number (height) is an odd number, then use Purple.


Green: (even numbers)
Tail Color 1: #157c37
Tail Color 2: #24ab4c

Purple: (odd numbers)
Tail Color 1: #501d8e
Tail Color 2: #7f3cd0

Mermaid rules and restrictions:
Does not get any other skin tones, other than what is used in the mermaid outline SVG already. 
Mermaids cancel out all other traits not directly related to mermaids (like mermaid hair, etc) except for the following: Background or Rare background, moon dog, mouth (female version) or smile , earrings (female version), and eyes (female version) 




Mermaid Shell Top: 

Purple: #631d95 (last digit of nonce is 0-5)
Light Blue: #48c3b1 (last digit of nonce is 6-9)




Skin Tone Color map to fill all outlines "### SKIN TONE" except mermaid:


Nonce reverse D8 for common skin tones.
'0': '#9781ac',  # Light Purple
'9': '#9781ac',

'1': '#89ac81',  # Light Green
'8': '#89ac81',

'2': '#81a3ac',  # Light Blue
'7': '#81a3ac',

'3': '#a4905f',  # Light Orange
'6': '#a4905f',

'4': '#ca6d6c',  # Light Red

'5': '#b3b3b3'   # Light Grey



Rare Skin Tone Colors:
Pepe Skin: Block divisible by 77. |skin = #24bd57 and mouth changed to red.
Diamond Skin: Block only contains 7’s (maybe divisible by 77 as well.) | #b9f2ff
