Pets:

Base/Female/female heel share rules and color map, but different svgs


Parrot (Base/Female/female heel): Block Time is between 00:00 and 01:00.

Green Parrot: Minutes from 00 to 09. (#5e8822)
Red Parrot: Minutes from 10 to 19. (#cb0202)
Orange Parrot: Minutes from 20 to 29. (#e66e17)
Blue Parrot: Minutes from 40 to 49. (#0107c0)
Pink Parrot: Minutes from 50 to 59. (#c91fc6)
Diamond Parrot: Minutes from 30 to 39. (#b9f2ff)



BASE PARROT SVG:

<?xml version="1.0" encoding="utf-8"?>
<!DOCTYPE svg PUBLIC "-//W3C//DTD SVG 1.0//EN" "http://www.w3.org/TR/2001/REC-SVG-20010904/DTD/svg10.dtd">
<svg version="1.0" xmlns="http://www.w3.org/2000/svg" width="512px" height="512px" viewBox="0 0 512 512" preserveAspectRatio="xMidYMid meet">
 <g fill="#000000">
  <path d="M399 216 l0 -7 7 0 7 0 0 7 0 7 -7 0 -7 0 0 -7z"/>
 </g>
 <g fill="#5e8822"> ### PARROT COLOR
  <path d="M368 256 l0 -32 8 0 8 0 0 -8 0 -8 16 0 16 0 0 5.5 c0 4.2 0.3 5.5 1.5 5.5 1.2 0 1.5 1.6 1.5 8 0 6.4 -0.3 8 -1.5 8 -0.9 0 -1.5 0.9 -1.5 2.5 0 2.5 -0.1 2.5 -8 2.5 l-8 0 0 16 0 16 -8 0 -8 0 0 8 0 8 -8 0 -8 0 0 -32z m42 -40 l0 -4 -4 0 -4 0 0 4 0 4 4 0 4 0 0 -4z"/>
 </g>
 <g fill="#efa027">
  <path d="M416 227 l0 -8 8 0 8 0 0 8 0 8 -8 0 -8 0 0 -8z"/>
 </g>
</svg>



Female/Female Heel Parrot SVG:
Use same color map for parrot as base.

<?xml version="1.0" encoding="utf-8"?>
<!DOCTYPE svg PUBLIC "-//W3C//DTD SVG 1.0//EN" "http://www.w3.org/TR/2001/REC-SVG-20010904/DTD/svg10.dtd">
<svg version="1.0" xmlns="http://www.w3.org/2000/svg" width="512px" height="512px" viewBox="0 0 512 512" preserveAspectRatio="xMidYMid meet">
 <g fill="#000000">
  <path d="M383 232 l0 -7 7 0 7 0 0 7 0 7 -7 0 -7 0 0 -7z"/>
 </g>
 <g fill="#5e8822"> ### PARROT COLOR
  <path d="M352 272 l0 -32 8 0 8 0 0 -8 0 -8 16 0 16 0 0 5.5 c0 4.2 0.3 5.5 1.5 5.5 1.2 0 1.5 1.6 1.5 8 0 6.4 -0.3 8 -1.5 8 -0.9 0 -1.5 0.9 -1.5 2.5 0 2.5 -0.1 2.5 -8 2.5 l-8 0 0 16 0 16 -8 0 -8 0 0 8 0 8 -8 0 -8 0 0 -32z m42 -40 l0 -4 -4 0 -4 0 0 4 0 4 4 0 4 0 0 -4z"/>
 </g>
 <g fill="#efa027">
  <path d="M400 243 l0 -8 8 0 8 0 0 8 0 8 -8 0 -8 0 0 -8z"/>
 </g>
</svg>




Cat (Arm Out ONLY): Block TX Count = 1. 
Orange: Months 01, 02. (#c27e11)
Gold: Months 03, 04. (#e8e855)
Blue: Months 05, 06. (#546be0)
Red: Months 07, 08. (#ce0a0a)
Pink: Months 09, 10. (#e863b3)
Diamond: Months 11, 12. (#b9f2ff)


CAT SVG:

<?xml version="1.0" encoding="utf-8"?>
<!DOCTYPE svg PUBLIC "-//W3C//DTD SVG 1.0//EN" "http://www.w3.org/TR/2001/REC-SVG-20010904/DTD/svg10.dtd">
<svg version="1.0" xmlns="http://www.w3.org/2000/svg" width="512px" height="512px" viewBox="0 0 512 512" preserveAspectRatio="xMidYMid meet">
 <g fill="#444444">
  <path d="M400 285 c0 -2.8 -0.3 -3 -3.5 -3 l-3.5 0 0 -10.5 0 -10.5 3.5 0 3.5 0 0 -10 0 -10 -6.5 0 -6.5 0 0 -3 c0 -2.8 -0.3 -3 -3.5 -3 l-3.5 0 0 -13.5 0 -13.5 3.5 0 3.5 0 0 -9.5 0 -9.5 3.5 0 c3.2 0 3.5 -0.2 3.5 -3 l0 -3 6.5 0 6.5 0 0 3 c0 2.8 0.2 3 4 3 3.8 0 4 0.2 4 3 l0 3 9.5 0 9.5 0 0 -3 c0 -2.8 0.3 -3 3.5 -3 3.2 0 3.5 -0.2 3.5 -3 l0 -3 6 0 6 0 0 3 c0 2.8 0.2 3 4 3 l4 0 0 9.5 0 9.5 3.5 0 3.5 0 0 13.5 0 13.5 -3.5 0 c-3.2 0 -3.5 0.2 -3.5 3 l0 3 -7 0 -7 0 0 10 0 10 4 0 4 0 0 10.5 0 10.5 -4 0 c-3.8 0 -4 0.2 -4 3 l0 3 -23.5 0 -23.5 0 0 -3z m11 -16 l0 -10 13 0 13 0 0 -10.5 0 -10.5 3.5 0 c3.2 0 3.5 -0.2 3.5 -3 0 -2.8 -0.3 -3 -3.5 -3 l-3.5 0 0 -9.5 0 -9.5 6.5 0 6.5 0 0 9.5 0 9.5 4 0 4 0 0 -10.5 0 -10.5 -4 0 -4 0 0 -9.5 0 -9.5 -3 0 c-2.7 0 -3 0.3 -3 3 0 2.8 -0.3 3 -3.5 3 -3.2 0 -3.5 0.2 -3.5 3 l0 3 -13 0 -13 0 0 -3 c0 -2.8 -0.3 -3 -3.5 -3 -3.2 0 -3.5 -0.2 -3.5 -3 0 -2.8 -0.3 -3 -3.5 -3 l-3.5 0 0 9.5 0 9.5 -3.5 0 -3.5 0 0 10.5 0 10.5 4 0 4 0 0 -9.5 0 -9.5 6.5 0 6.5 0 0 9.5 0 9.5 -4 0 c-3.8 0 -4 0.2 -4 3 0 2.8 0.3 3 3.5 3 l3.5 0 0 13 0 13 -3.5 0 -3.5 0 0 7.5 0 7.5 4 0 4 0 0 -10z m33 2.5 l0 -7.5 -3.5 0 -3.5 0 0 7.5 0 7.5 3.5 0 3.5 0 0 -7.5z"/>
  <path d="M418 231 l0 -6 6 0 6 0 0 6 0 6 -6 0 -6 0 0 -6z"/>
 </g>
 <g fill="#e8e855"> ### CAT COLOR
  <path d="M400 271.5 l0 -10.5 3.5 0 3.5 0 0 -10 0 -10 -3.5 0 c-3.2 0 -3.5 -0.2 -3.5 -3 l0 -3 -6.5 0 -6.5 0 0 -13.5 0 -13.5 3.5 0 3.5 0 0 -9.5 0 -9.5 6.5 0 6.5 0 0 3 c0 2.8 0.3 3 3.5 3 3.2 0 3.5 0.2 3.5 3 l0 3 10 0 10 0 0 -3 c0 -2.8 0.3 -3 3.5 -3 3.2 0 3.5 -0.2 3.5 -3 l0 -3 6 0 6 0 0 9.5 0 9.5 4 0 4 0 0 13.5 0 13.5 -7 0 -7 0 0 3 c0 2.8 -0.3 3 -3.5 3 l-3.5 0 0 10 0 10 3.5 0 3.5 0 0 10.5 0 10.5 -6.5 0 -6.5 0 0 -10 0 -10 -3.5 0 -3.5 0 0 10 0 10 -3 0 -3 0 0 -10 0 -10 -3.5 0 -3.5 0 0 10 0 10 -7 0 -7 0 0 -10.5z m27 -40.5 c0 -2.7 -0.3 -3 -3 -3 -2.7 0 -3 0.3 -3 3 0 2.7 0.3 3 3 3 2.7 0 3 -0.3 3 -3z m-19 -8.5 l0 -6.5 -3.5 0 -3.5 0 0 6.5 0 6.5 3.5 0 3.5 0 0 -6.5z m39 0 l0 -6.5 -3.5 0 -3.5 0 0 6.5 0 6.5 3.5 0 3.5 0 0 -6.5z"/>
 </g>
</svg>




Moon Dog: Block Year = 2011. (can be used on with any outline)

<?xml version="1.0" encoding="utf-8"?>
<!DOCTYPE svg PUBLIC "-//W3C//DTD SVG 1.0//EN" "http://www.w3.org/TR/2001/REC-SVG-20010904/DTD/svg10.dtd">
<svg version="1.0" xmlns="http://www.w3.org/2000/svg" width="512px" height="512px" viewBox="0 0 512 512" preserveAspectRatio="xMidYMid meet">
 <g fill="#010101">
  <path d="M425.3 79.5 c-1.3 -1.3 -2.3 -2.8 -2.3 -3.4 0 -0.5 -1.1 -1.2 -2.5 -1.5 -1.6 -0.4 -2.5 -1.3 -2.5 -2.6 0 -1.1 -0.4 -2 -1 -2 -0.5 0 -1 -1.8 -1 -4 0 -3 0.7 -4.7 2.5 -6.5 1.3 -1.4 2.9 -2.5 3.5 -2.5 0.5 0 1 -0.4 1 -1 0 -0.6 4 -1 10 -1 6 0 10 0.4 10 1 0 0.6 0.5 1 1 1 0.6 0 2.2 1.1 3.5 2.5 1.8 1.8 2.5 3.5 2.5 6.5 0 2.2 -0.4 4 -1 4 -0.5 0 -1 0.9 -1 2 0 1.3 -0.9 2.2 -2.5 2.6 -1.4 0.3 -2.5 1 -2.5 1.6 0 0.5 -1.1 2 -2.5 3.3 -3.4 3.5 -12 3.5 -15.2 0z"/>
 </g>
 <g fill="#c29042">
  <path d="M426.3 78.5 c-0.7 -0.8 -1.3 -2.1 -1.3 -3 0 -0.9 -0.9 -1.5 -2.5 -1.5 -1.8 0 -2.5 -0.5 -2.5 -2 0 -1.1 -0.4 -2 -1 -2 -0.5 0 -1 -1.8 -1 -4.1 0 -3.9 1.7 -6.9 3.9 -6.9 0.6 0 1.1 -0.4 1.1 -1 0 -0.6 4 -1 10 -1 6 0 10 0.4 10 1 0 0.6 0.5 1 1.1 1 2.2 0 3.9 3 3.9 6.9 0 2.3 -0.4 4.1 -1 4.1 -0.5 0 -1 0.9 -1 2 0 1.5 -0.7 2 -2.5 2 -1.6 0 -2.5 0.6 -2.5 1.6 0 0.8 -0.6 2.2 -1.4 3 -1.9 1.9 -11.7 1.8 -13.3 -0.1z m11.2 -2 c1.4 -1.3 2.5 -3.1 2.5 -4 0 -0.9 0.4 -1.4 0.9 -1.1 1.6 1 4.1 -0.5 4.1 -2.5 0 -1 0.5 -1.9 1 -1.9 0.6 0 1 -0.5 1 -1 0 -1.4 -4.6 -6 -6 -6 -0.5 0 -1 -0.4 -1 -1 0 -0.6 -3 -1 -7 -1 -4 0 -7 0.4 -7 1 0 0.6 -0.5 1 -1 1 -1.4 0 -6 4.6 -6 6 0 0.5 0.5 1 1 1 0.6 0 1 0.9 1 2 0 1.9 1 2.4 3.8 2.1 0.6 -0.1 1.2 0.5 1.2 1.4 0 2.4 4.2 6.4 6.8 6.4 1.3 0.1 3.4 -1 4.7 -2.4z"/>
  <path d="M429.3 75.5 c-0.7 -0.8 -1.3 -2.1 -1.3 -3 0 -0.8 -0.4 -1.5 -1 -1.5 -1.5 0 -1.2 -6.8 0.3 -7.3 0.6 -0.2 0.9 -0.8 0.5 -1.2 -1.3 -1.3 -3.8 2.3 -3.9 5.7 -0.1 2.3 -0.3 2.6 -0.6 1.1 -0.2 -1.3 -0.9 -2.3 -1.4 -2.3 -0.5 0 -0.9 -0.5 -0.9 -1.1 0 -1.4 2.5 -3.9 3.9 -3.9 0.6 0 1.1 -0.4 1.1 -1 0 -0.6 3 -1 7 -1 4 0 7 0.4 7 1 0 0.6 0.5 1 1.1 1 1.4 0 3.9 2.5 3.9 3.9 0 0.6 -0.4 1.1 -1 1.1 -0.5 0 -1 0.9 -1 2 0 3.6 -1.9 2.1 -2.3 -1.7 l-0.4 -3.8 -0.1 3.8 c-0.1 2 -0.6 3.7 -1.2 3.7 -0.5 0 -1 0.7 -1 1.6 0 3.8 -6.1 5.9 -8.7 2.9z m5.3 -1.9 c2.1 -2.1 1.8 -2.6 -1.6 -2.6 -3.3 0 -3.6 0.4 -1.7 2.5 1.5 1.8 1.6 1.8 3.3 0.1z"/>
 </g>
 <g fill="#939393">
  <path d="M413.4 83.7 c-0.3 -1.4 -0.4 -3.6 -0.2 -4.8 0.3 -2.2 0.8 -2.4 5.3 -2.4 l5 0 0 4.5 0 4.5 -4.7 0.3 c-4.3 0.3 -4.8 0.1 -5.4 -2.1z"/>
  <path d="M440.4 82.6 c-0.3 -0.8 -0.4 -2.7 -0.2 -4.3 0.2 -2.2 0.9 -2.9 3 -3.1 2.4 -0.3 2.7 -0.8 3 -4.5 l0.3 -4.2 5.3 -0.3 5.2 -0.3 0 3.6 c0 4.1 -1.8 6.5 -4.9 6.5 -1.6 0 -2 0.8 -2.3 3.8 -0.3 3.6 -0.4 3.7 -4.6 4 -3 0.2 -4.4 -0.1 -4.8 -1.2z"/>
  <path d="M412.7 59.4 c-0.4 -0.4 -0.7 -2.4 -0.7 -4.5 0 -4.2 1 -4.9 7.3 -4.9 5.8 0 6.9 1 6.5 5.6 l-0.3 3.9 -6 0.3 c-3.4 0.2 -6.4 0 -6.8 -0.4z"/>
  <path d="M436.4 52.6 c-0.3 -0.8 -0.4 -2.7 -0.2 -4.3 0.3 -2.6 0.6 -2.8 4.8 -2.8 l4.5 0 0 4 c0 4 0 4 -4.3 4.3 -3 0.2 -4.4 -0.1 -4.8 -1.2z"/>
 </g>
 <g fill="#cccccc">
  <path d="M424.4 90.5 c-0.4 -0.8 -1.7 -1.5 -3 -1.5 -1.3 0 -2.4 -0.4 -2.4 -1 0 -0.5 -0.8 -1 -1.8 -1 -2.2 0 -5.2 -3.4 -5.2 -6 0 -1.1 -0.7 -2 -1.5 -2 -0.9 0 -1.5 -0.9 -1.5 -2.5 0 -1.4 -0.4 -2.5 -1 -2.5 -0.6 0 -1 -3.2 -1 -7.5 0 -4.3 0.4 -7.5 1 -7.5 0.6 0 1 -1.1 1 -2.5 0 -1.6 0.6 -2.5 1.5 -2.5 0.9 0 1.5 -0.9 1.5 -2.5 0 -1.4 0.5 -2.5 1 -2.5 0.6 0 1 -0.7 1 -1.5 0 -1 1 -1.5 3 -1.5 1.7 0 3 -0.4 3 -1 0 -0.5 0.9 -1 1.9 -1 1 0 2.1 -0.7 2.5 -1.5 0.8 -2.2 15.6 -2.2 15.6 0 0 0.9 0.9 1.5 2.5 1.5 1.4 0 2.5 0.5 2.5 1 0 0.6 1.1 1 2.5 1 1.6 0 2.5 0.6 2.5 1.5 0 0.8 0.5 1.5 1 1.5 0.6 0 1 1.1 1 2.5 0 1.6 0.6 2.5 1.5 2.5 0.9 0 1.5 0.9 1.5 2.5 0 1.4 0.5 2.5 1 2.5 0.6 0 1 3.2 1 7.5 0 4.3 -0.4 7.5 -1 7.5 -0.5 0 -1 1.6 -1 3.5 0 2.4 -0.5 3.5 -1.5 3.5 -0.8 0 -1.5 0.5 -1.5 1.1 0 1.7 -2.7 3.9 -4.9 3.9 -1.2 0 -2.1 0.6 -2.1 1.5 0 0.9 -0.9 1.5 -2.4 1.5 -1.3 0 -2.6 0.7 -3 1.5 -0.4 1.1 -2.2 1.5 -7.6 1.5 -5.4 0 -7.2 -0.4 -7.6 -1.5z m-3.6 -9.2 c0.5 -1.7 -2.6 -2.9 -4 -1.5 -0.6 0.6 -0.7 1.5 -0.3 2.2 0.9 1.4 3.7 0.9 4.3 -0.7z m25.7 -1.2 c0.7 -1.2 -1.2 -2.4 -2.5 -1.6 -1.1 0.7 -0.4 2.5 1 2.5 0.5 0 1.1 -0.4 1.5 -0.9z m-9 -3.6 c1.4 -1.3 2.5 -3.1 2.5 -4 0 -0.9 0.4 -1.4 0.9 -1.1 1.6 1 4.1 -0.5 4.1 -2.5 0 -1 0.5 -1.9 1 -1.9 1.7 0 1.1 -2 -1.5 -4.5 -1.3 -1.4 -2.9 -2.5 -3.5 -2.5 -0.5 0 -1 -0.4 -1 -1 0 -0.6 -3 -1 -7 -1 -4 0 -7 0.4 -7 1 0 0.6 -0.5 1 -1 1 -1.4 0 -6 4.6 -6 6 0 0.5 0.5 1 1 1 0.6 0 1 0.9 1 2 0 1.9 1 2.4 3.8 2.1 0.6 -0.1 1.2 0.5 1.2 1.4 0 2.4 4.2 6.4 6.8 6.4 1.3 0.1 3.4 -1 4.7 -2.4z m17 -5.5 c0 -1.8 -3.3 -2.6 -4.7 -1.2 -0.6 0.6 -0.7 1.5 -0.3 2.2 1 1.6 5 0.8 5 -1z m-31.9 -15.1 c0.7 -1.2 -1.3 -2.9 -3.6 -2.9 -2.3 0 -4.3 1.7 -3.6 2.9 0.4 0.6 2 1.1 3.6 1.1 1.6 0 3.2 -0.5 3.6 -1.1z m19.9 -5.8 c0.7 -1.2 -1.2 -2.4 -2.5 -1.6 -1.1 0.7 -0.4 2.5 1 2.5 0.5 0 1.1 -0.4 1.5 -0.9z"/>
 </g>
</svg>
