Rare Clothing (Base only):

Prisoner: D4 = 4, D5 = 5, Block TX Count under 1k. Overrides other shirt and pants.

<?xml version="1.0" encoding="utf-8"?>
<!DOCTYPE svg PUBLIC "-//W3C//DTD SVG 1.0//EN" "http://www.w3.org/TR/2001/REC-SVG-20010904/DTD/svg10.dtd">
<svg version="1.0" xmlns="http://www.w3.org/2000/svg" width="512px" height="512px" viewBox="0 0 512 512" preserveAspectRatio="xMidYMid meet">
 <g fill="#ef7721">
  <path d="M160 456 l0 -8 8 0 8 0 0 -8 0 -8 8 0 8 0 0 -8 0 -8 8 0 c7.3 0 8 -0.2 8 -2 0 -2 0.7 -2 56 -2 55.3 0 56 0 56 2 0 1.8 0.7 2 8 2 l8 0 0 8 0 8 8 0 8 0 0 8 0 8 8 0 8 0 0 8 0 8 -40 0 -40 0 0 -8 0 -8 -8 0 -8 0 0 -8 0 -8 -8 0 -8 0 0 8 0 8 -8 0 -8 0 0 8 0 8 -40 0 -40 0 0 -8z"/>
  <path d="M207.8 361.3 l-0.3 -40.8 -7.5 0 -7.5 0 -0.3 7.7 -0.3 7.7 -7.7 0.3 -7.7 0.3 -0.3 15.8 -0.3 15.7 -23.9 0 -24 0 0 -24 0 -23.9 7.8 -0.3 7.7 -0.3 0.3 -7.7 0.3 -7.7 7.7 -0.3 7.7 -0.3 0.3 -7.7 0.3 -7.8 31.9 0 32 0 0 8 0 8 8 0 8 0 0 8 c0 6.4 0.3 8 1.5 8 1.2 0 1.5 1.4 1.5 6.5 l0 6.5 6.5 0 c5.1 0 6.5 0.3 6.5 1.5 0 0.8 0.7 1.5 1.5 1.5 1.2 0 1.5 1.4 1.5 6.5 l0 6.5 5 0 5 0 0 -6.5 c0 -5.1 0.3 -6.5 1.5 -6.5 0.8 0 1.5 -0.7 1.5 -1.5 0 -1.2 1.4 -1.5 6.5 -1.5 l6.5 0 0 -6.5 0 -6.5 17.5 0 17.5 0 0 -8 0 -8 8 0 8 0 0 -8 0 -8 16 0 15.9 0 0.3 7.8 0.3 7.7 7.8 0.3 7.7 0.3 0 7.9 0 8 8 0 8 0 0 24 0 24 -24 0 -24 0 0 -16 0 -16 -8 0 -8 0 0 -8 0 -8 -8 0 -8 0 0 41 0 41 -56 0 -56 0 -0.2 -40.7z"/>
 </g>
 <g fill="#d2712c">
  <path d="M208 407 l0 -8 56 0 56 0 0 8 0 8 -56 0 -56 0 0 -8z"/>
 </g>
 <g fill="#ffffff">
  <path d="M256 344 l0 -8 -8 0 -8 0 0 -8 0 -8 8 0 8 0 0 8 0 8 8 0 8 0 0 -8 0 -8 8 0 8 0 0 8 0 8 -8 0 -8 0 0 8 0 8 -8 0 -8 0 0 -8z"/>
 </g>
</svg>





Science: D4 = 5, D5 = 1, Block TX Count under 1k. Overrides other shirt and pants.

<?xml version="1.0" encoding="utf-8"?>
<!DOCTYPE svg PUBLIC "-//W3C//DTD SVG 1.0//EN" "http://www.w3.org/TR/2001/REC-SVG-20010904/DTD/svg10.dtd">
<svg version="1.0" xmlns="http://www.w3.org/2000/svg" width="512px" height="512px" viewBox="0 0 512 512" preserveAspectRatio="xMidYMid meet">
 <g fill="#ffffff">
  <path d="M205 425.5 c0 -7.8 0.3 -9.5 1.5 -9.5 1.3 0 1.5 -2.7 1.5 -18 l0 -18 17.5 0 17.5 0 0 27.5 0 27.5 -19 0 -19 0 0 -9.5z"/>
  <path d="M285 407.5 l0 -27.5 17.5 0 17.5 0 0 18 c0 15.3 0.2 18 1.5 18 1.2 0 1.5 1.7 1.5 9.5 l0 9.5 -19 0 -19 0 0 -27.5z"/>
  <path d="M128 344 l0 -24 8 0 8 0 0 -8 0 -8 8 0 8 0 0 -8 0 -8 32 0 32 0 0 8 0 8 8 0 8 0 0 8 c0 6.4 0.3 8 1.5 8 1.3 0 1.5 2.6 1.5 17 l0 17 -17.5 0 -17.5 0 0 -17 0 -17 -8 0 -8 0 0 8 0 8 -8 0 -8 0 0 16 0 16 -24 0 -24 0 0 -24z"/>
  <path d="M352 352 l0 -16 -8 0 -8 0 0 -8 0 -8 -8 0 -8 0 0 17.5 0 17.5 -5.3 0 c-3 0 -10.9 -0.3 -17.5 -0.7 l-12.2 -0.6 0 -16.9 0 -16.8 17.5 0 17.5 0 0 -8 0 -8 8 0 8 0 0 -8 0 -8 16 0 16 0 0 8 0 8 8 0 8 0 0 8 0 8 8 0 8 0 0 24 0 24 -24 0 -24 0 0 -16z"/>
 </g>
 <g fill="#5e5b50">
  <path d="M160 456 l0 -8 8 0 8 0 0 -8 0 -8 8 0 8 0 0 -8 0 -8 8 0 8 0 0 8 0 8 16 0 16 0 0 -9.5 0 -9.5 24 0 24 0 0 9.5 0 9.5 16 0 16 0 0 -8 0 -8 8 0 8 0 0 8 0 8 8 0 8 0 0 8 0 8 8 0 8 0 0 8 0 8 -40 0 -40 0 0 -8 0 -8 -8 0 -8 0 0 -8 0 -8 -8 0 -8 0 0 8 0 8 -8 0 -8 0 0 8 0 8 -40 0 -40 0 0 -8z"/>
  <path d="M240 393 c0 -8.2 -0.3 -10 -1.5 -10 -1.3 0 -1.5 -2.4 -1.5 -16 0 -13.6 0.2 -16 1.5 -16 1.3 0 1.5 -2.4 1.5 -15.5 l0 -15.5 24 0 24 0 0 15.5 c0 13.1 0.2 15.5 1.5 15.5 1.3 0 1.5 2.4 1.5 16 0 13.6 -0.2 16 -1.5 16 -1.2 0 -1.5 1.8 -1.5 10 l0 10 -24 0 -24 0 0 -10z"/>
  <path d="M301 360.9 c0 -10 0 -10.1 2.3 -9.5 1.2 0.3 5.5 0.6 9.5 0.6 l7.2 0 0 9.5 0 9.5 -9.5 0 -9.5 0 0 -10.1z"/>
 </g>
 <g fill="#eaeaea">
  <path d="M208 367 l0 -16 16 0 16 0 0 16 0 16 -16 0 -16 0 0 -16z"/>
  <path d="M288 367 l0 -16 8 0 8 0 0 8.5 0 8.5 8 0 8 0 0 7.5 0 7.5 -16 0 -16 0 0 -16z"/>
 </g>
 <g fill="#3d2d1d">
  <path d="M240 408 l0 -8 9.5 0 9.5 0 0 8 0 8 -9.5 0 -9.5 0 0 -8z"/>
  <path d="M269 408 l0 -8 9.5 0 9.5 0 0 8 0 8 -9.5 0 -9.5 0 0 -8z"/>
 </g>
 <g fill="#ca9a00">
  <path d="M256 408 l0 -8 8 0 8 0 0 8 0 8 -8 0 -8 0 0 -8z"/>
 </g>
</svg>




Track Suit: Nonce has "7777".Overrides other shirt and pants.

<?xml version="1.0" encoding="utf-8"?>
<!DOCTYPE svg PUBLIC "-//W3C//DTD SVG 1.0//EN" "http://www.w3.org/TR/2001/REC-SVG-20010904/DTD/svg10.dtd">
<svg version="1.0" xmlns="http://www.w3.org/2000/svg" width="512px" height="512px" viewBox="0 0 512 512" preserveAspectRatio="xMidYMid meet">
 <g fill="#3d6491">
  <path d="M173 457.5 c0 -7.8 0.3 -9.5 1.5 -9.5 0.8 0 1.5 -0.7 1.5 -1.5 0 -1.2 1.4 -1.5 6.5 -1.5 l6.5 0 0 -6.5 c0 -5.1 0.3 -6.5 1.5 -6.5 0.8 0 1.5 -0.7 1.5 -1.5 0 -1.2 1.4 -1.5 6.5 -1.5 l6.5 0 0 -6.5 c0 -5.1 0.3 -6.5 1.5 -6.5 1.3 0 1.5 -6 1.5 -48 l0 -48 -8 0 -8 0 0 8 0 8 -8 0 -8 0 0 16 0 16 -24 0 -24 0 0 -9.5 0 -9.5 6.5 0 6.5 0 0 -14.5 c0 -12.2 0.2 -14.5 1.5 -14.5 0.8 0 1.5 -0.7 1.5 -1.5 0 -1.2 1.4 -1.5 6.5 -1.5 l6.5 0 0 -6.5 c0 -5.1 0.3 -6.5 1.5 -6.5 0.8 0 1.5 -0.7 1.5 -1.5 0 -1.2 1.4 -1.5 6.5 -1.5 l6.5 0 0 -6.5 0 -6.5 25.5 0 25.5 0 0 8 0 8 8 0 8 0 0 8 0 8 9.5 0 9.5 0 0 38.5 0 38.5 5 0 5 0 0 -38.5 0 -38.5 25.5 0 25.5 0 0 -8 0 -8 8 0 8 0 0 -8 0 -8 9.5 0 9.5 0 0 6.5 0 6.5 6.5 0 c5.1 0 6.5 0.3 6.5 1.5 0 0.8 0.7 1.5 1.5 1.5 1.2 0 1.5 1.4 1.5 6.5 l0 6.5 6.5 0 c5.1 0 6.5 0.3 6.5 1.5 0 0.8 0.7 1.5 1.5 1.5 1.3 0 1.5 2.3 1.5 14.5 l0 14.5 6.5 0 6.5 0 0 9.5 0 9.5 -24 0 -24 0 0 -16 0 -16 -8 0 -8 0 0 -8 0 -8 -8 0 -8 0 0 48 c0 42 0.2 48 1.5 48 1.2 0 1.5 1.4 1.5 6.5 l0 6.5 6.5 0 c5.1 0 6.5 0.3 6.5 1.5 0 0.8 0.7 1.5 1.5 1.5 1.2 0 1.5 1.4 1.5 6.5 l0 6.5 6.5 0 c5.1 0 6.5 0.3 6.5 1.5 0 0.8 0.7 1.5 1.5 1.5 1.2 0 1.5 1.7 1.5 9.5 l0 9.5 -25.5 0 c-22 0 -25.5 -0.2 -25.5 -1.5 0 -1.2 -1.6 -1.5 -8 -1.5 l-8 0 0 -8 0 -8 -8 0 -8 0 0 -8 0 -8 -8 0 -8 0 0 8 0 8 -8 0 -8 0 0 8 0 8 -8 0 c-6.4 0 -8 0.3 -8 1.5 0 1.3 -3.5 1.5 -25.5 1.5 l-25.5 0 0 -9.5z"/>
 </g>
 <g fill="#6ca0ce">
  <path d="M157 465.5 c0 -0.8 0.7 -1.5 1.5 -1.5 1.2 0 1.5 -1.6 1.5 -8 l0 -8 8 0 8 0 0 -8 0 -8 8 0 8 0 0 -8 0 -8 8 0 8 0 0 8 0 8 -8 0 -8 0 0 8 0 8 -8 0 -8 0 0 8 c0 6.4 0.3 8 1.5 8 0.8 0 1.5 0.7 1.5 1.5 0 1.2 -1.9 1.5 -11 1.5 -9.1 0 -11 -0.3 -11 -1.5z"/>
  <path d="M349 465.5 c0 -0.8 0.7 -1.5 1.5 -1.5 1.2 0 1.5 -1.6 1.5 -8 l0 -8 -8 0 -8 0 0 -8 0 -8 -8 0 -8 0 0 -8 0 -8 8 0 8 0 0 8 0 8 8 0 8 0 0 8 0 8 8 0 8 0 0 8 c0 6.4 0.3 8 1.5 8 0.8 0 1.5 0.7 1.5 1.5 0 1.2 -1.9 1.5 -11 1.5 -9.1 0 -11 -0.3 -11 -1.5z"/>
  <path d="M256 360 l0 -40 8 0 8 0 0 40 0 40 -8 0 -8 0 0 -40z"/>
  <path d="M128 336 l0 -16 8 0 8 0 0 -8 0 -8 8 0 8 0 0 -8 0 -8 8 0 8 0 0 8 0 8 -8 0 -8 0 0 8 0 8 -8 0 -8 0 0 16 0 16 -8 0 -8 0 0 -16z"/>
  <path d="M384 336 l0 -16 -8 0 -8 0 0 -8 0 -8 -8 0 -8 0 0 -8 0 -8 8 0 8 0 0 8 0 8 8 0 8 0 0 8 0 8 8 0 8 0 0 16 0 16 -8 0 -8 0 0 -16z"/>
 </g>
 <g fill="#ffffff">
  <path d="M140 488 c0 -7.3 0.2 -8 2 -8 1.3 0 2 -0.7 2 -2 0 -1.8 0.8 -2 13.8 -2.2 l13.7 -0.3 0.3 -5.7 0.3 -5.8 25.9 0 26 0 0 16 0 16 -42 0 -42 0 0 -8z"/>
  <path d="M304 480 l0 -16 25 0 24.9 0 0.3 5.8 0.3 5.7 14.8 0.3 c13.9 0.2 14.7 0.4 14.7 2.2 0 1.1 0.5 2 1 2 0.6 0 1 3.3 1 8 l0 8 -41 0 -41 0 0 -16z"/>
 </g>
 <g fill="#eeeeef">
  <path d="M112 488 l0 -8 15.5 0 15.5 0 0 8 0 8 -15.5 0 -15.5 0 0 -8z"/>
  <path d="M382.8 487.8 l-0.3 -8.3 -15.5 -0.5 -15.5 -0.5 -0.3 -7.2 -0.3 -7.3 16.6 0 16.5 0 0 8 0 8 16 0 16 0 0 8 0 8 -16.5 0 -16.4 0 -0.3 -8.2z"/>
  <path d="M144 471.5 l0 -7.5 15.5 0 15.6 0 -0.3 7.3 -0.3 7.2 -15.2 0.3 -15.3 0.3 0 -7.6z"/>
 </g>
</svg>




---------------------


Rare Clothing (Female):



Morph: Block’s bit field = 0x170b98ab. Cancels shirt, pants, shoes, necklace.

<?xml version="1.0" encoding="utf-8"?>
<!DOCTYPE svg PUBLIC "-//W3C//DTD SVG 1.0//EN" "http://www.w3.org/TR/2001/REC-SVG-20010904/DTD/svg10.dtd">
<svg version="1.0" xmlns="http://www.w3.org/2000/svg" width="512px" height="512px" viewBox="0 0 512 512" preserveAspectRatio="xMidYMid meet">
 <g fill="#000000">
  <path d="M96 496 l0 -16 8 0 8 0 0 -8 0 -8 16 0 16 0 0 -8 0 -8 8 0 8 0 0 -8 0 -8 8 0 8 0 0 -8 0 -8 -24 0 -24 0 0 -8 0 -8 -8 0 -8 0 0 -40 0 -40 8 0 8 0 0 -8 0 -8 8 0 8 0 0 -8 0 -8 9.5 0 9.5 0 0 9.5 0 9.5 -8 0 -8 0 0 8 0 8 -8 0 -8 0 0 37 0 37 21 0 21 0 0 -13 0 -13 -8 0 -8 0 0 -19 0 -19 8 0 8 0 0 -8 0 -8 11 0 11 0 0 24 0 24 8 0 8 0 0 27 0 27 -8 0 -8 0 0 8 0 8 -8 0 -8 0 0 5 0 5 69 0 69 0 0 -5 0 -5 -8 0 -8 0 0 -8 0 -8 -8 0 -8 0 0 -27 0 -27 8 0 8 0 0 -21 0 -21 -5 0 -5 0 0 8 0 8 -35 0 -35 0 0 -8 0 -8 -8 0 -8 0 0 -8 0 -8 -16 0 -16 0 0 -9.5 0 -9.5 17.5 0 17.5 0 0 8 0 8 8 0 8 0 0 8 0 8 32 0 32 0 0 -8 0 -8 8 0 8 0 0 -8 0 -8 9.5 0 9.5 0 0 9.5 0 9.5 -8 0 -8 0 0 5 0 5 8 0 8 0 0 8 0 8 8 0 8 0 0 19 0 19 -8 0 -8 0 0 13 0 13 21 0 21 0 0 -37 0 -37 -8 0 -8 0 0 -8 0 -8 -8 0 -8 0 0 -9.5 0 -9.5 9.5 0 9.5 0 0 8 0 8 8 0 8 0 0 8 0 8 8 0 8 0 0 40 0 40 -8 0 -8 0 0 8 0 8 -24 0 -24 0 0 8 0 8 8 0 8 0 0 8 0 8 8 0 8 0 0 8 0 8 16 0 16 0 0 8 0 8 8 0 8 0 0 16 0 16 -64 0 -64 0 0 -24 0 -24 -24 0 -24 0 0 24 0 24 -64 0 -64 0 0 -16z m109 -16 l0 -13 -29 0 -29 0 0 8 0 8 -16 0 -16 0 0 5 0 5 45 0 45 0 0 -13z m176 8 l0 -5 -16 0 -16 0 0 -8 0 -8 -29 0 -29 0 0 13 0 13 45 0 45 0 0 -5z m-189 -80 l0 -8 -8 0 -8 0 0 8 0 8 8 0 8 0 0 -8z m128 0 l0 -8 -8 0 -8 0 0 8 0 8 8 0 8 0 0 -8z"/>
 </g>
 <g fill="#ffffff">
  <path d="M112 488 l0 -8 16 0 16 0 0 -8 0 -8 32 0 32 0 0 16 0 16 -48 0 -48 0 0 -8z"/>
  <path d="M288 480 l0 -16 32 0 32 0 0 8 0 8 16 0 16 0 0 8 0 8 -48 0 -48 0 0 -16z"/>
  <path d="M205 417.5 c0 -0.8 0.7 -1.5 1.5 -1.5 1.2 0 1.5 -1.7 1.5 -9.5 l0 -9.5 17.5 0 17.5 0 0 11 0 11 -19 0 c-16.2 0 -19 -0.2 -19 -1.5z"/>
  <path d="M253 408 l0 -11 17.5 0 17.5 0 0 9.5 c0 7.8 0.3 9.5 1.5 9.5 0.8 0 1.5 0.7 1.5 1.5 0 1.3 -2.8 1.5 -19 1.5 l-19 0 0 -11z"/>
  <path d="M128 374.5 l0 -25.5 16 0 16 0 0 9.5 0 9.5 8 0 8 0 0 16 0 16 -24 0 -24 0 0 -25.5z"/>
  <path d="M320 384 l0 -16 8 0 8 0 0 -9.5 0 -9.5 16 0 16 0 0 25.5 0 25.5 -24 0 -24 0 0 -16z"/>
  <path d="M237 367.5 l-12.5 -12.5 -8.2 8.2 c-5.4 5.3 -8.3 7.6 -8.3 6.5 0 -1.5 -1.1 -1.7 -8 -1.7 l-8 0 0 -24 c0 -13.2 0 -24.3 0 -24.7 0 -0.5 1.6 -0.9 3.6 -1.1 3.6 -0.3 4.3 0.2 16.3 12.3 l12.7 12.5 3.4 -3.5 3.4 -3.5 21.6 0 21.6 0 3.4 3.5 3.4 3.5 9.6 -9.5 c5.2 -5.2 10.3 -9.5 11.3 -9.5 1.6 0 1.7 1.8 1.7 22 l0 22 -4.8 0 c-4.5 0 -5.1 -0.3 -11.2 -6.5 l-6.5 -6.5 -12.5 12.5 c-16.7 16.7 -15.4 16.7 -32 0z"/>
 </g>
 <g fill="#f988ae">
  <path d="M176 440 l0 -8 8 0 8 0 0 -8 0 -8 24 0 c20.7 0 24 -0.2 24 -1.5 0 -1.2 1.6 -1.5 8 -1.5 6.4 0 8 0.3 8 1.5 0 1.3 3.3 1.5 24 1.5 l24 0 0 8 0 8 8 0 8 0 0 8 0 8 -72 0 -72 0 0 -8z"/>
  <path d="M240 401.5 c0 -1.3 -2.4 -1.5 -16 -1.5 l-16 0 0 -16 c0 -12 -0.3 -16 -1.2 -16 -0.7 0 3 -4.3 8.2 -9.5 l9.5 -9.5 -14.2 -14.2 c-14.1 -14 -14.2 -14.2 -16.3 -12.3 -2 1.8 -2 1.8 -2 -0.3 0 -2.1 -0.5 -2.2 -8 -2.2 l-8 0 0 8 0 8 -8 0 -8 0 0 8 0 8 -16 0 -16 0 0 -16 0 -16 8 0 8 0 0 -8 0 -8 8 0 8 0 0 -8 0 -8 8 0 8 0 0 8 0 8 16 0 16 0 0 8 0 8 8 0 8 0 0 8 0 8 6.7 0 6.7 0 -6.4 6.5 -6.5 6.5 14.3 14.3 14.2 14.2 14.2 -14.2 14.3 -14.3 -6.5 -6.5 -6.4 -6.5 9.7 0 9.7 0 0 -8 0 -8 8 0 8 0 0 -8 0 -8 8 0 8 0 0 -8 0 -8 8 0 8 0 0 8 0 8 8 0 8 0 0 8 0 8 8 0 8 0 0 16 0 16 -16 0 -16 0 0 -8 0 -8 -8 0 -8 0 0 -8 0 -8 -8 0 -8 0 0 3.2 c0 2.8 -1.6 4.8 -11.2 14.5 l-11.3 11.3 9.5 9.5 9.5 9.5 -6.3 0 -6.2 0 0 16 0 16 -16 0 c-13.6 0 -16 0.2 -16 1.5 0 1.2 -1.6 1.5 -8 1.5 -6.4 0 -8 -0.3 -8 -1.5z"/>
 </g>
 <g fill="#ca9708">
  <path d="M240 408 l0 -8 8 0 8 0 0 8 0 8 -8 0 -8 0 0 -8z"/>
 </g>
</svg>
